car 38 290 99 348
car 41 224 119 276
motor 1010 433 1037 457
bicycle 1051 317 1078 339
motor 669 955 690 982
motor 797 659 815 683
pedestrian 665 884 683 900
motor 1099 266 1125 297
pedestrian 1359 868 1378 892
pedestrian 1223 642 1247 668
pedestrian 1154 697 1170 712
pedestrian 659 808 674 825
car 555 610 630 652
car 591 572 663 620
car 611 531 683 579
car 451 573 526 621
car 507 545 579 589
car 516 496 590 545
car 377 547 448 586
van 409 509 485 557
car 433 464 497 505
car 283 517 361 565
car 319 477 394 528
car 216 395 288 443
car 1327 708 1404 755
car 1489 716 1566 765
car 1342 615 1410 657
car 1376 579 1453 626
car 1397 740 1461 779
car 1764 807 1840 857
car 1792 769 1872 817
car 1491 616 1567 665
car 1468 763 1540 809
car 1556 792 1632 839
car 1639 819 1719 868
car 1724 844 1800 892
car 0 365 58 405
car 175 482 253 533
car 97 448 170 500
car 193 288 266 334
car 286 313 369 366
van 114 276 189 319
bus 791 848 911 1007
car 939 881 1010 950
car 1157 828 1223 868
truck 967 674 1022 739
truck 876 543 1035 761
car 730 905 789 980
car 868 624 926 690
car 1174 417 1228 482
car 1107 434 1154 510
car 1172 259 1227 327
bus 1133 140 1245 293
car 1329 136 1390 205
car 1386 59 1444 124
car 1307 50 1364 113
car 1238 70 1293 135
van 1807 873 1899 925
car 57 394 106 464
car 0 416 56 462
