car 37 292 98 350
car 38 225 113 281
car 856 960 920 1030
motor 967 491 994 515
bicycle 1028 335 1054 353
motor 642 1003 665 1029
motor 783 694 801 717
pedestrian 673 861 691 877
motor 1073 293 1099 324
pedestrian 1404 909 1426 932
pedestrian 1217 661 1241 688
pedestrian 1164 676 1180 691
pedestrian 659 807 674 824
car 555 610 630 652
car 591 572 663 620
car 610 531 682 579
car 451 573 526 621
car 507 545 579 589
car 516 496 590 545
car 376 547 447 586
van 409 509 485 557
car 433 464 497 506
car 283 517 361 565
car 318 477 393 528
car 256 409 328 457
car 1327 707 1404 754
car 1449 703 1526 752
car 1341 613 1409 655
car 1376 578 1453 625
car 1397 739 1461 778
car 1693 781 1769 831
car 1738 748 1820 798
car 1490 616 1567 665
car 1468 761 1541 808
car 1556 791 1632 838
car 1639 818 1719 867
car 1724 843 1800 891
car 0 362 65 402
car 175 482 253 533
car 96 448 170 500
car 191 287 264 333
car 285 313 368 366
van 109 277 184 320
bus 808 819 929 977
car 994 855 1065 914
car 1242 832 1308 871
truck 990 636 1045 702
truck 840 600 999 818
car 685 983 743 1059
car 810 717 868 785
car 1199 374 1252 440
car 1102 486 1148 564
car 1146 328 1196 399
bus 1115 165 1228 319
car 1331 131 1392 200
car 1393 49 1451 114
car 1275 96 1331 159
car 1223 94 1278 160
van 1807 872 1899 924
car 55 394 103 464
car 0 416 56 462
