car 25 291 95 355
car 26 228 103 286
car 1676 959 1752 1011
car 1123 483 1176 548
car 1033 833 1114 887
car 912 744 977 821
car 892 915 953 985
car 798 940 850 1004
car 1076 390 1134 460
bus 1127 97 1267 284
bicycle 756 323 787 342
motor 648 1026 667 1053
pedestrian 771 622 788 639
motor 547 260 578 282
pedestrian 1199 710 1222 737
pedestrian 1238 504 1253 519
pedestrian 659 801 674 820
car 551 610 627 652
car 588 571 660 620
car 605 530 678 577
car 448 573 522 622
car 503 545 574 589
car 514 492 588 541
car 373 543 443 584
van 404 509 480 557
car 425 463 490 504
car 280 516 358 563
car 313 477 388 528
car 346 437 418 485
car 1327 700 1404 747
car 1334 656 1402 705
car 1339 604 1407 646
car 1378 569 1454 616
car 1397 731 1462 770
car 1434 687 1510 737
car 1482 652 1561 702
car 1486 607 1562 657
car 1467 754 1540 801
car 1556 785 1632 832
car 1638 811 1719 860
car 1724 833 1800 883
car 232 402 308 449
car 114 379 190 439
car 170 484 248 535
car 89 448 167 500
car 161 278 234 324
car 277 311 360 364
van 89 279 165 325
bus 837 500 946 654
truck 1223 251 1278 317
car 1382 826 1465 879
car 1209 747 1274 809
bus 683 349 846 424
car 988 523 1041 596
car 985 460 1033 524
van 1806 863 1898 915
car 53 395 100 465
car 0 416 53 462
