van 1131 526 1163 548
car 1109 500 1144 523
van 1156 430 1183 467
car 1180 479 1207 515
car 1160 297 1203 327
car 1117 316 1152 348
car 146 445 187 471
car 245 360 283 387
car 0 452 27 489
car 1126 120 1164 145
truck 1264 72 1309 102
car 941 98 975 131
car 971 164 1012 186
car 386 155 412 197
car 333 140 356 177
car 320 101 346 139
car 364 97 389 133
car 428 124 456 165
car 410 81 436 120
car 395 30 423 69
van 443 19 470 58
car 466 153 485 181
car 1226 209 1268 236
bus 953 211 1041 238
tricycle 1236 185 1274 204
car 778 115 815 146
car 45 568 89 593
motor 479 274 493 298
pedestrian 517 456 529 470
motor 107 548 127 561
pedestrian 429 453 440 468
motor 499 529 513 546
motor 706 575 719 590
car 761 537 778 552
car 581 150 600 162
pedestrian 1305 415 1322 425
pedestrian 1288 156 1306 166
