van 1130 526 1164 548
car 1109 500 1144 523
van 1156 430 1183 468
car 1180 479 1207 515
car 1187 283 1230 313
car 1148 292 1183 324
car 146 445 187 471
car 245 360 283 387
car 0 452 27 489
car 1126 120 1164 145
truck 1262 72 1309 102
car 940 98 975 131
car 971 164 1011 186
car 385 155 412 197
car 333 140 356 177
car 320 101 346 139
car 364 97 389 133
car 428 126 456 167
car 410 81 436 121
car 396 30 424 70
van 428 0 455 11
car 466 153 486 181
car 1164 223 1206 250
bus 952 211 1040 239
tricycle 1228 186 1263 209
car 778 115 815 146
car 79 559 121 584
motor 484 297 498 321
pedestrian 528 492 540 506
motor 131 539 151 552
pedestrian 433 459 444 474
motor 494 522 508 539
motor 705 568 718 583
car 748 549 765 565
car 553 132 572 144
pedestrian 1312 412 1329 422
pedestrian 1294 154 1312 164
