van 1130 526 1164 548
car 1109 500 1144 523
van 1156 430 1183 468
car 1180 479 1207 515
car 1214 274 1257 302
car 1185 269 1220 301
car 146 445 187 471
car 244 359 283 387
car 0 452 27 489
car 1125 120 1164 145
truck 1261 72 1309 102
car 940 98 975 131
car 971 164 1011 186
car 385 155 412 197
car 333 140 356 177
car 319 101 346 139
car 364 97 389 133
car 432 128 460 169
car 410 81 436 122
car 396 30 424 71
car 466 153 486 182
car 1096 237 1139 264
bus 951 211 1040 239
tricycle 1221 188 1256 211
car 777 115 815 146
car 112 549 154 575
motor 490 321 504 345
pedestrian 541 530 553 544
motor 155 530 175 543
pedestrian 437 464 448 479
motor 490 516 504 533
motor 703 560 716 575
car 735 561 751 577
car 531 102 549 118
pedestrian 1319 409 1335 419
pedestrian 1300 152 1318 162
