van 1130 526 1164 548
car 1109 500 1144 523
van 1156 430 1183 468
car 1180 479 1207 515
car 1234 266 1277 294
car 1227 245 1270 276
car 146 445 187 471
car 244 359 283 387
car 0 452 27 489
car 1125 120 1164 145
truck 1260 72 1309 102
car 940 98 975 131
car 971 164 1011 186
car 385 155 412 197
car 333 140 356 177
car 319 101 346 139
car 364 97 389 133
car 433 136 460 175
car 410 83 437 125
car 394 30 422 71
car 466 153 486 182
car 370 33 397 69
car 1028 243 1071 267
bus 950 211 1040 239
tricycle 1212 190 1247 213
car 777 115 815 146
car 140 541 182 568
motor 496 345 510 369
pedestrian 553 568 565 582
motor 179 521 199 534
pedestrian 441 469 452 484
motor 486 509 500 526
motor 699 553 712 568
car 721 573 737 589
car 509 72 526 93
pedestrian 1326 406 1340 416
pedestrian 1306 150 1324 160
