car 141 494 261 546
car 316 488 429 542
car 445 489 548 543
truck 747 126 812 261
pedestrian 285 321 315 341
car 847 276 895 370
car 929 249 980 354
car 986 145 1051 256
car 1005 297 1058 398
car 788 438 842 538
tricycle 788 622 816 683
bus 839 623 908 824
car 935 426 986 534
car 1000 454 1053 550
car 1072 332 1187 390
car 1008 597 1060 701
van 1174 78 1256 126
car 955 858 1006 978
car 1027 868 1082 989
van 666 757 710 844
car 658 967 773 1044
car 1161 899 1214 1011
bus 1246 409 1372 455
car 1374 344 1474 390
van 1400 414 1490 458
tricycle 1501 407 1572 439
motor 651 615 691 641
car 1755 262 1849 337
car 1586 609 1689 657
car 1562 666 1662 762
car 1645 683 1732 775
car 1702 654 1790 763
car 1779 651 1858 753
pedestrian 1418 640 1444 660
pedestrian 1216 429 1241 454
motor 1341 253 1366 293
motor 1364 200 1387 240
motor 642 559 684 586
