car 133 490 255 542
car 306 483 420 539
car 437 485 540 539
truck 700 193 787 326
pedestrian 247 313 277 333
car 847 351 897 446
car 929 175 980 281
car 986 78 1051 189
car 1005 253 1058 354
car 793 518 849 622
tricycle 792 698 820 762
bus 839 710 908 922
car 935 350 986 458
car 998 416 1053 514
car 1066 317 1182 381
car 1009 565 1061 672
van 1180 66 1263 116
car 955 772 1005 894
car 1034 810 1089 931
van 663 757 707 844
car 655 973 769 1050
car 1167 903 1220 1015
bus 1252 403 1380 450
car 1345 336 1448 383
van 1409 408 1501 454
tricycle 1511 401 1582 433
motor 698 635 731 665
car 1775 254 1869 330
car 1599 607 1705 655
car 1575 664 1676 762
car 1659 681 1746 776
car 1716 651 1808 762
car 1795 648 1876 753
pedestrian 1446 631 1472 651
motor 1040 981 1063 1034
pedestrian 1226 407 1251 432
motor 1354 256 1379 296
motor 1372 192 1395 232
motor 638 557 680 584
