car 125 485 249 537
car 295 478 411 535
car 429 481 532 535
truck 637 252 744 377
pedestrian 209 304 239 325
car 850 429 902 526
car 928 100 981 206
car 989 26 1045 109
car 1001 189 1054 291
car 800 603 857 710
tricycle 794 778 822 847
bus 839 792 910 1005
car 935 271 987 379
car 996 379 1053 478
car 1060 301 1177 371
car 1010 534 1062 643
van 1186 53 1270 106
car 953 686 1004 807
car 1040 753 1096 875
van 659 758 703 845
car 651 978 766 1055
car 1173 906 1226 1019
bus 1258 396 1388 445
car 1316 328 1422 377
van 1418 403 1512 449
tricycle 1521 395 1592 428
motor 731 670 758 706
car 1788 245 1884 321
car 1613 605 1721 653
car 1588 662 1690 762
car 1673 679 1760 777
car 1729 648 1825 761
car 1812 645 1894 753
pedestrian 1474 621 1500 641
motor 1040 919 1063 972
pedestrian 1234 392 1259 417
motor 1363 260 1389 299
motor 1380 183 1403 224
motor 634 555 676 581
