car 117 481 243 533
car 285 473 401 532
car 422 478 524 532
truck 552 303 674 405
pedestrian 171 296 201 317
car 855 506 908 607
car 928 28 981 122
car 998 121 1054 222
car 808 689 865 798
tricycle 795 858 824 933
bus 841 872 911 1070
car 934 183 987 291
car 993 336 1051 436
car 1054 286 1172 362
car 1011 503 1063 613
van 1191 43 1276 95
car 946 596 1000 713
car 1050 704 1112 826
van 656 759 700 846
car 648 983 762 1060
car 1178 910 1231 1022
bus 1263 390 1397 440
car 1294 321 1402 370
van 1427 397 1523 445
tricycle 1530 389 1601 422
motor 747 731 773 768
car 1803 236 1897 313
car 1626 603 1736 651
car 1599 660 1703 762
car 1680 678 1772 777
car 1745 648 1840 762
car 1831 646 1901 754
pedestrian 1508 613 1534 633
motor 1031 848 1054 901
pedestrian 1241 381 1266 406
motor 1366 265 1392 304
motor 1389 175 1412 216
motor 630 552 672 578
