car 108 477 237 529
car 278 469 397 529
car 416 474 521 527
truck 441 336 568 416
pedestrian 135 286 167 307
car 858 581 912 685
car 996 42 1054 144
car 815 769 872 880
tricycle 796 934 826 1005
bus 845 937 915 1070
car 934 94 987 202
car 986 283 1045 382
car 1049 266 1164 350
car 1011 460 1063 571
van 1195 33 1282 85
car 939 506 997 620
car 1059 655 1128 777
car 839 5 892 122
van 653 759 697 846
car 645 986 760 1063
car 1184 913 1237 1026
bus 1269 384 1405 435
car 1281 316 1389 365
van 1437 392 1534 441
tricycle 1540 384 1611 417
motor 760 796 786 833
car 1818 228 1900 304
car 1636 601 1747 650
car 1609 659 1713 763
car 1695 676 1789 776
car 1761 648 1856 764
car 1844 644 1902 752
car 960 889 1017 1003
pedestrian 1543 605 1568 625
motor 1019 773 1042 826
pedestrian 1248 371 1273 396
motor 1368 270 1395 308
motor 1397 166 1420 208
motor 626 549 668 576
