car 102 473 232 525
car 272 466 393 525
car 410 470 518 523
truck 313 343 443 411
pedestrian 98 276 133 297
car 860 655 914 762
car 997 3 1055 60
car 820 838 877 951
tricycle 803 1005 833 1070
bus 849 1002 919 1070
car 932 21 985 111
car 979 219 1037 319
car 1046 241 1154 335
car 1010 415 1062 526
van 1198 23 1287 75
car 936 421 994 534
car 1068 607 1144 728
car 840 104 893 221
car 772 36 828 148
van 652 760 696 847
car 644 987 760 1064
car 1187 915 1240 1028
bus 1274 378 1412 430
car 1269 310 1377 359
van 1440 389 1539 438
tricycle 1550 379 1621 412
motor 765 862 788 904
car 1829 222 1902 298
car 1645 599 1756 649
car 1619 658 1724 764
car 1712 675 1807 776
car 1774 647 1868 765
car 958 811 1016 925
pedestrian 1578 597 1603 617
motor 1008 694 1031 746
pedestrian 1260 363 1285 388
motor 1370 275 1399 313
motor 1405 158 1428 199
motor 621 546 664 573
