car 24 291 94 356
car 24 229 101 288
car 1816 1007 1893 1059
car 1166 410 1219 475
car 1077 823 1158 871
car 949 685 1014 762
car 939 871 1003 933
car 826 894 878 958
car 1050 428 1108 498
bus 1104 131 1243 317
truck 851 925 915 1004
van 1240 54 1294 119
bicycle 719 319 750 338
pedestrian 781 596 798 616
motor 461 238 492 258
pedestrian 1195 719 1218 746
pedestrian 1247 488 1262 503
pedestrian 659 799 674 818
car 550 610 626 652
car 588 571 659 620
car 604 530 677 577
car 447 573 522 622
car 502 545 574 589
car 514 492 588 541
car 373 543 442 584
van 404 509 480 557
car 425 463 490 504
car 280 516 358 563
car 313 477 388 528
car 345 437 417 485
car 1327 700 1404 747
car 1334 655 1402 704
car 1340 604 1408 646
car 1378 570 1454 617
car 1397 731 1462 770
car 1430 685 1506 735
car 1468 648 1547 698
car 1484 607 1561 657
car 1467 754 1540 801
car 1556 785 1632 832
car 1638 810 1719 859
car 1724 833 1800 883
truck 1258 69 1342 176
car 246 408 322 455
car 137 399 213 459
car 169 484 247 535
car 88 448 166 500
car 161 278 233 324
car 276 311 359 364
van 88 279 164 325
bus 798 463 926 610
truck 1258 195 1313 261
car 1476 859 1555 911
car 1267 782 1335 834
bus 604 325 768 410
car 967 553 1020 625
car 953 506 1006 568
van 1806 863 1898 915
car 52 395 99 466
car 0 416 53 462
