car 99 471 230 525
car 266 462 390 522
car 405 466 515 519
truck 172 340 307 406
pedestrian 63 269 103 292
car 863 728 916 838
car 825 903 882 1019
car 971 149 1029 249
car 1043 216 1144 321
car 1008 370 1060 481
van 1202 15 1292 67
car 932 336 990 449
car 1084 560 1171 676
car 842 203 895 320
car 772 195 829 307
van 651 760 695 847
car 642 989 760 1065
car 1191 917 1244 1030
bus 1277 376 1416 428
car 1256 305 1364 354
van 1444 387 1544 436
tricycle 1557 375 1628 408
motor 769 925 792 967
car 1836 219 1902 295
car 1654 597 1766 649
car 1629 657 1735 765
car 1720 674 1815 776
car 1781 646 1875 764
car 958 734 1013 846
pedestrian 1601 593 1627 613
motor 997 612 1020 664
pedestrian 1275 356 1300 381
motor 1369 280 1399 317
motor 1411 152 1434 194
motor 619 544 662 571
