car 97 469 228 525
car 261 459 386 518
car 400 463 513 516
truck 27 332 155 400
pedestrian 29 261 73 288
car 865 798 918 911
car 828 964 889 1066
car 964 67 1019 167
car 1040 189 1133 304
car 1007 326 1060 437
van 1206 11 1296 63
car 930 252 988 365
car 1113 514 1215 620
car 846 302 899 419
car 775 355 832 468
van 651 760 695 847
car 640 990 760 1066
car 1194 918 1247 1031
bus 1281 375 1420 427
car 1244 300 1352 349
van 1447 384 1549 433
tricycle 1562 374 1633 407
motor 769 984 792 1026
car 1844 216 1902 292
car 1661 597 1773 649
car 1637 656 1746 766
car 1725 673 1821 777
car 1787 645 1881 763
car 958 658 1009 767
car 968 929 1024 1051
pedestrian 1623 590 1649 610
motor 990 535 1013 587
pedestrian 1290 350 1315 375
motor 1364 284 1395 321
motor 1414 150 1437 192
motor 618 543 661 570
