car 95 468 226 525
car 257 460 384 519
car 400 464 513 517
pedestrian 9 259 47 287
car 867 857 920 970
car 958 0 1010 86
car 1034 144 1115 263
car 1005 289 1060 400
van 1209 10 1299 61
car 930 176 988 289
car 1165 485 1280 578
car 850 397 903 514
car 786 523 843 636
van 650 760 694 847
car 639 991 760 1067
car 1197 920 1250 1033
bus 1284 373 1424 425
car 1240 301 1348 350
van 1451 382 1554 431
tricycle 1566 373 1637 406
car 1667 597 1779 650
car 1640 655 1753 768
car 1730 673 1826 777
car 1794 644 1888 763
car 956 582 1007 688
car 968 841 1022 962
pedestrian 1645 586 1671 606
motor 984 459 1007 511
pedestrian 1306 344 1331 369
motor 1358 288 1391 325
motor 1416 148 1439 190
motor 740 40 768 89
motor 1805 314 1862 343
pedestrian 1500 6 1528 43
motor 617 542 660 569
