car 87 463 218 521
car 254 459 382 518
car 396 462 511 516
pedestrian 3 262 25 291
car 869 916 922 1029
car 1031 80 1099 200
car 1004 246 1061 357
van 1213 11 1302 57
car 930 99 988 212
car 1235 478 1356 546
car 853 487 907 606
car 792 674 849 787
van 650 760 694 847
car 639 991 760 1068
car 1200 922 1253 1036
bus 1287 371 1428 423
car 1236 302 1345 351
van 1455 380 1560 429
tricycle 1571 373 1642 406
car 1672 597 1785 650
car 1646 656 1759 769
car 1735 672 1832 778
car 1802 643 1893 764
car 953 504 1007 609
car 967 755 1020 875
pedestrian 1668 583 1696 603
motor 975 380 998 430
pedestrian 1332 334 1357 359
motor 1352 292 1387 329
motor 1418 146 1441 189
motor 738 101 767 150
motor 1756 310 1814 338
motor 1831 294 1886 319
pedestrian 1500 19 1528 56
motor 616 541 659 568
