car 79 458 211 517
car 251 458 381 517
car 392 460 510 515
car 869 976 920 1069
car 1028 13 1088 113
car 1004 198 1061 309
van 1217 7 1307 49
car 930 39 988 123
car 1333 472 1457 532
car 854 570 910 693
car 797 784 860 911
van 644 761 689 851
car 639 991 760 1069
car 1205 924 1258 1044
bus 1292 366 1436 421
car 1237 294 1345 343
van 1464 375 1569 424
tricycle 1581 368 1652 401
car 1678 594 1791 646
car 1652 656 1765 769
car 1742 672 1838 778
car 1809 642 1898 766
car 1774 375 1898 430
car 840 170 897 288
car 950 425 1007 531
car 967 678 1019 797
pedestrian 1692 581 1724 601
motor 965 298 987 346
pedestrian 1356 320 1381 346
people 1410 848 1454 871
motor 1348 297 1384 334
motor 1427 138 1450 180
motor 724 154 757 200
motor 1717 302 1775 330
motor 1814 287 1869 312
pedestrian 1501 25 1529 62
pedestrian 1478 6 1514 35
motor 614 540 657 567
