car 68 456 201 515
car 242 456 374 515
car 385 457 504 512
car 872 1036 922 1071
car 1004 127 1062 238
van 1222 3 1311 41
car 1447 467 1571 527
car 856 653 913 781
car 802 878 867 1003
van 638 762 685 856
car 636 995 757 1070
car 1210 926 1263 1051
bus 1297 358 1445 418
car 1238 285 1346 338
van 1473 371 1578 420
tricycle 1591 363 1662 396
car 1690 591 1805 648
car 1661 656 1774 769
car 1756 675 1849 779
car 1819 644 1902 769
car 1760 369 1888 425
car 842 291 899 411
car 945 344 1002 454
car 966 601 1019 719
pedestrian 1715 578 1752 598
motor 955 217 976 263
pedestrian 1371 290 1395 318
people 1444 845 1489 868
motor 1346 304 1381 341
motor 686 199 724 240
motor 1679 291 1737 319
motor 1787 280 1842 305
pedestrian 1503 25 1531 62
pedestrian 1481 10 1517 39
motor 610 537 653 564
