car 57 454 192 513
car 229 453 362 512
car 375 452 496 508
car 1006 44 1062 154
van 1226 0 1316 33
car 1579 464 1710 524
car 857 735 917 866
car 808 955 873 1070
van 632 763 680 860
car 634 1000 755 1070
car 1215 929 1268 1059
bus 1302 350 1454 416
car 1236 275 1347 334
van 1482 366 1587 415
tricycle 1601 358 1672 391
car 1702 588 1819 650
car 1672 655 1785 768
car 1768 673 1868 783
car 1832 649 1902 774
car 1760 364 1891 420
car 843 402 902 525
car 942 260 999 373
car 966 523 1019 642
pedestrian 1736 576 1775 597
motor 948 128 969 173
pedestrian 1386 259 1409 291
people 1482 843 1527 866
motor 1343 310 1378 347
motor 623 235 664 268
motor 1637 281 1695 309
motor 1760 273 1815 298
pedestrian 1508 28 1536 65
pedestrian 1486 13 1522 42
motor 605 533 648 560
