car 39 451 174 510
car 216 450 351 509
car 367 448 489 505
car 1006 0 1064 69
van 1228 0 1318 23
car 1720 461 1859 521
car 856 802 918 935
car 803 1012 884 1071
van 626 764 676 864
car 631 1005 752 1070
car 1220 930 1271 1056
bus 1309 347 1460 410
car 1241 266 1348 335
van 1487 360 1594 413
tricycle 1608 351 1679 388
car 1713 585 1832 648
car 1778 674 1893 786
car 1844 655 1902 780
car 1759 358 1893 416
car 837 504 909 628
car 942 170 999 283
car 964 435 1016 553
pedestrian 1756 574 1793 599
motor 945 47 966 80
pedestrian 1390 234 1413 265
people 1520 840 1564 863
motor 1337 311 1372 348
motor 1096 957 1125 1004
motor 535 245 589 278
motor 1600 271 1657 298
motor 1740 265 1795 290
pedestrian 1517 33 1544 68
pedestrian 1497 14 1533 43
motor 598 528 641 559
