car 33 443 170 502
car 211 437 340 504
car 363 442 482 501
van 1231 0 1321 12
car 855 853 920 988
van 628 756 687 857
car 610 1003 745 1067
car 1221 929 1274 1064
bus 1312 340 1467 405
car 1247 268 1356 326
van 1491 351 1602 404
tricycle 1615 346 1694 387
car 1721 621 1846 681
car 1792 698 1889 816
car 1857 660 1902 785
car 1763 350 1888 421
car 844 590 901 723
car 822 158 889 281
car 938 78 997 195
car 960 342 1013 461
pedestrian 1382 196 1413 227
motor 1091 884 1121 930
motor 458 239 508 276
motor 1550 262 1608 289
motor 1719 265 1774 292
pedestrian 1529 37 1556 70
pedestrian 1507 14 1543 42
motor 595 519 643 553
