car 745 0 848 103
car 831 108 924 219
car 335 941 450 1040
van 1727 589 1822 702
car 650 739 772 843
car 455 813 573 929
van 681 480 778 568
car 477 606 584 725
bus 1412 879 1543 1044
car 1456 767 1553 882
car 832 614 953 725
car 1146 405 1269 505
car 1481 349 1588 441
car 1259 504 1372 601
bus 690 779 921 960
car 689 944 822 1052
car 1745 266 1845 362
car 1750 10 1869 115
car 368 666 486 770
car 238 835 367 927
car 152 946 287 1037
motor 1637 311 1677 348
pedestrian 1634 840 1666 872
motor 901 908 942 945
motor 1002 5 1045 46
motor 1454 130 1519 180
motor 1572 29 1624 74
motor 906 333 946 376
