car 22 294 92 360
car 23 230 100 293
car 1210 337 1263 402
car 1126 820 1207 865
car 997 617 1062 694
car 987 841 1060 897
car 855 845 907 909
car 1026 463 1084 533
bus 1078 169 1218 355
truck 897 850 961 929
car 1710 632 1776 679
van 1221 87 1275 152
bicycle 687 315 718 334
pedestrian 792 576 808 596
motor 372 216 403 235
pedestrian 1188 731 1211 758
pedestrian 1255 474 1270 489
pedestrian 659 797 674 816
car 550 610 626 652
car 587 570 659 619
car 604 530 677 577
car 447 573 521 622
car 502 545 573 589
car 513 492 587 541
car 373 543 442 584
van 404 509 480 557
car 425 463 490 504
car 279 517 357 564
car 312 477 387 528
car 345 437 417 485
car 1327 699 1404 746
car 1334 655 1402 704
car 1341 604 1409 646
car 1378 571 1454 618
car 1398 731 1463 770
car 1428 684 1504 734
car 1463 645 1542 695
car 1483 606 1560 656
car 1467 753 1540 800
car 1557 784 1633 831
car 1638 810 1719 859
car 1724 833 1800 883
truck 1228 111 1315 220
car 250 411 326 458
car 162 415 238 474
car 169 484 247 535
car 87 448 165 500
car 160 278 233 324
car 275 311 358 364
van 87 279 162 326
pedestrian 1137 147 1160 171
bus 752 429 889 565
truck 1292 142 1347 208
car 1572 889 1651 941
car 1347 811 1415 863
bus 522 298 687 392
car 947 583 999 654
car 919 554 977 615
van 1806 862 1898 914
car 52 395 99 466
car 0 416 52 462
