car 1613 242 1723 361
car 1509 363 1621 486
car 1411 477 1514 587
car 449 220 550 318
car 713 447 828 549
car 579 294 691 386
van 1018 422 1105 517
car 835 269 924 382
car 479 686 578 795
motor 551 209 587 243
car 862 567 977 680
car 1111 797 1222 912
bus 742 624 945 833
car 616 616 736 730
car 451 448 566 561
van 352 563 457 668
car 749 164 834 291
car 557 124 654 235
car 495 173 597 263
car 66 281 158 414
motor 743 788 789 821
motor 385 468 429 513
motor 221 259 268 299
motor 1672 563 1715 604
motor 1269 597 1304 644
