car 1224 86 1307 189
car 1070 403 1161 520
car 1194 221 1268 346
van 1167 737 1246 830
car 1236 517 1365 604
car 754 280 852 385
bus 259 716 412 827
car 320 847 429 946
van 150 642 257 725
tricycle 65 614 144 671
motor 1290 180 1329 225
car 92 329 217 420
car 192 259 281 375
car 121 201 198 316
car 55 180 126 307
car 993 571 1082 692
car 867 817 963 944
bus 756 629 921 848
car 830 462 917 583
car 939 250 1039 380
van 842 128 933 249
car 1307 411 1436 496
car 1316 208 1408 317
car 1318 87 1405 203
pedestrian 175 971 208 999
people 411 304 454 337
motor 376 829 429 860
motor 83 926 124 965
motor 751 587 788 622
motor 960 188 997 239
motor 196 816 239 847
motor 22 718 69 749
motor 1085 1030 1132 1065
