car 19 296 90 364
car 20 233 97 297
car 1253 263 1306 328
car 1180 822 1261 869
car 1047 543 1112 620
car 1040 821 1116 872
car 895 778 947 843
car 1004 495 1062 565
bus 1044 214 1192 404
truck 947 770 1011 849
car 1613 601 1679 648
car 806 930 864 1005
van 1196 124 1250 189
bicycle 656 307 687 326
pedestrian 802 559 818 579
motor 279 193 310 212
pedestrian 1179 744 1202 771
pedestrian 1262 460 1277 475
pedestrian 659 796 674 815
car 550 610 626 652
car 587 570 658 619
car 603 529 676 577
car 447 573 521 622
car 501 545 573 589
car 512 492 586 541
car 373 543 441 584
van 404 509 480 557
car 425 463 490 504
car 278 518 356 565
car 312 477 387 528
car 345 437 417 485
car 1327 699 1404 746
car 1334 654 1402 703
car 1342 603 1410 645
car 1377 572 1454 619
car 1398 731 1463 770
car 1429 684 1505 734
car 1457 642 1536 692
car 1483 605 1559 655
car 1467 752 1540 799
car 1557 784 1633 831
car 1638 810 1719 859
car 1725 833 1801 883
truck 1202 154 1289 260
car 252 413 328 460
car 187 428 263 487
car 168 485 246 536
car 37 359 122 396
car 87 448 165 500
car 160 279 232 325
car 274 311 357 364
van 85 280 159 327
pedestrian 1130 157 1153 181
bus 700 397 848 520
truck 1323 85 1378 151
car 1672 921 1751 973
car 1440 843 1508 895
bus 437 267 602 362
car 915 636 969 706
car 884 611 942 672
van 1806 862 1898 914
car 52 396 99 467
car 0 416 52 462
