car 17 298 88 368
car 18 236 95 300
car 1297 191 1349 252
car 1243 832 1324 879
car 1098 466 1163 542
car 1096 809 1172 856
car 937 710 989 775
car 983 526 1041 596
bus 1013 267 1156 457
truck 1000 686 1064 764
car 1529 574 1595 621
car 841 872 899 948
van 1168 167 1222 232
bicycle 626 293 657 312
pedestrian 810 543 826 563
motor 187 172 218 191
pedestrian 1169 761 1192 788
pedestrian 1271 444 1286 459
pedestrian 659 793 674 810
car 549 610 625 652
car 587 570 658 619
car 603 529 676 577
car 446 573 521 622
car 501 545 572 589
car 512 492 586 541
car 373 543 440 584
van 404 509 480 557
car 425 464 490 505
car 278 519 356 566
car 311 476 387 527
car 345 438 417 485
car 1327 698 1404 745
car 1334 654 1402 703
car 1342 603 1410 645
car 1377 573 1454 620
car 1399 731 1464 770
car 1430 684 1506 734
car 1450 640 1529 690
car 1483 605 1560 655
car 1467 751 1541 798
car 1826 763 1902 810
car 1557 784 1633 831
car 1638 810 1719 859
car 1725 833 1801 883
truck 1178 196 1265 302
car 252 413 328 460
car 206 439 282 495
car 168 485 246 536
car 65 361 148 399
car 86 448 164 500
car 159 279 232 325
car 273 310 356 363
van 84 281 157 329
pedestrian 1123 167 1146 191
bus 638 367 795 481
truck 1360 31 1415 97
car 1774 954 1853 1006
car 1542 877 1610 929
bus 350 236 515 331
car 880 694 936 763
car 842 676 899 739
van 1806 861 1898 913
car 52 396 99 467
car 0 416 52 462
