car 18 302 84 373
car 15 239 92 303
car 1341 120 1392 179
car 1310 846 1391 893
car 1149 389 1213 461
car 1159 801 1235 847
car 982 639 1034 704
car 960 561 1018 631
bus 981 319 1123 509
truck 1057 596 1121 674
car 1461 549 1526 596
car 878 809 936 885
van 1135 219 1188 284
car 784 955 844 1028
bicycle 598 279 626 297
pedestrian 818 527 834 547
motor 93 150 124 169
pedestrian 1161 778 1184 805
pedestrian 1280 429 1295 444
pedestrian 659 790 673 805
car 549 610 625 652
car 586 570 658 619
car 602 529 675 577
car 446 573 520 622
car 500 545 572 589
car 511 492 585 541
car 373 543 439 584
van 404 509 480 557
car 425 464 490 505
car 277 520 355 567
car 311 476 387 527
car 345 438 417 485
car 1327 698 1404 745
car 1334 653 1402 702
car 1343 603 1411 645
car 1377 574 1454 621
car 1399 731 1464 770
car 1431 684 1507 734
car 1441 637 1520 687
car 1484 604 1561 655
car 1467 750 1541 797
car 1766 742 1842 789
car 1558 783 1634 830
car 1637 809 1718 858
car 1725 833 1801 883
truck 1154 236 1242 342
car 251 413 327 460
car 217 447 294 495
car 167 485 245 536
car 97 369 176 409
car 86 448 164 500
car 159 279 232 325
car 272 310 355 363
van 82 281 154 330
car 1260 92 1316 158
pedestrian 1116 177 1139 201
motor 1189 32 1209 60
bus 569 338 730 447
truck 1396 0 1451 39
car 1874 974 1901 1026
car 1654 915 1722 967
bus 258 207 422 302
car 834 771 894 839
car 795 749 852 814
van 1806 861 1898 913
car 51 396 98 467
car 0 416 51 462
