car 23 309 78 379
car 13 242 87 308
car 1385 54 1437 113
car 1384 865 1464 914
car 1200 310 1263 379
car 1230 797 1306 843
car 1025 572 1077 633
car 934 603 992 673
bus 948 370 1091 560
truck 1114 504 1175 579
car 1407 532 1476 579
car 922 735 980 811
van 1101 270 1155 335
car 824 895 884 968
bicycle 569 266 596 285
pedestrian 827 511 843 530
motor 3 129 27 148
pedestrian 1152 795 1175 822
pedestrian 1290 414 1305 429
pedestrian 657 784 671 798
car 1292 44 1340 99
car 548 610 625 652
car 586 570 657 619
car 601 529 675 576
car 446 573 520 622
car 500 545 571 589
car 511 492 585 541
car 373 543 439 584
van 403 510 479 558
car 425 464 490 505
car 277 520 355 567
car 311 476 387 527
car 345 438 417 485
car 1327 697 1404 744
car 1334 652 1402 701
car 1344 602 1412 644
car 1376 572 1453 619
car 1400 731 1465 770
car 1432 684 1508 734
car 1438 635 1517 685
car 1485 603 1563 654
car 1467 749 1541 796
car 1714 726 1790 773
car 1558 783 1634 830
car 1637 808 1718 857
car 1726 833 1802 883
truck 1131 273 1220 380
car 1208 104 1259 169
car 251 412 327 459
car 221 449 298 495
car 166 485 244 536
car 123 377 200 418
car 86 448 164 500
car 159 280 231 326
car 271 310 354 363
van 81 282 152 331
car 1238 132 1295 198
pedestrian 1104 186 1127 210
motor 1177 57 1196 84
bus 496 308 657 412
car 1767 952 1839 1006
bus 163 180 332 275
car 782 853 842 933
car 744 832 801 898
van 1806 860 1898 912
car 51 396 98 467
car 0 416 51 462
