car 24 315 75 386
car 12 245 80 314
car 1423 0 1475 52
car 1464 890 1542 944
car 1252 230 1312 299
car 1310 800 1386 846
car 1067 506 1119 565
car 903 652 962 723
bus 915 424 1058 614
truck 1171 411 1228 482
car 1356 514 1426 561
car 969 660 1027 736
van 1068 321 1121 386
car 865 830 925 902
bicycle 538 255 565 274
pedestrian 839 491 857 510
pedestrian 1146 812 1169 839
pedestrian 1299 400 1314 415
pedestrian 653 776 667 790
car 1267 79 1315 134
car 548 610 624 652
car 586 570 657 619
car 601 529 674 576
car 445 573 520 623
car 499 545 571 589
car 510 492 584 541
car 373 543 438 584
van 403 510 479 558
car 425 464 490 505
car 276 520 354 567
car 311 476 387 527
car 345 438 417 485
car 1327 697 1404 744
car 1334 652 1402 701
car 1345 602 1413 644
car 1376 570 1453 617
car 1400 731 1465 770
car 1433 684 1509 734
car 1437 634 1516 684
car 1486 603 1564 654
car 1468 749 1542 796
car 1668 711 1744 758
car 1559 782 1635 829
car 1637 808 1718 857
car 1726 833 1802 883
truck 1110 303 1198 415
car 1183 142 1234 207
car 250 411 326 458
car 223 449 300 495
car 166 485 244 536
car 144 383 221 424
car 85 448 163 500
car 158 280 231 326
car 270 310 353 363
van 79 283 149 333
car 1211 166 1268 232
pedestrian 1098 194 1121 218
motor 1167 74 1186 101
bus 421 279 584 379
bus 66 154 243 249
car 724 949 784 1024
car 694 919 751 993
van 1806 860 1898 912
car 50 395 97 466
car 0 416 51 462
