car 24 320 75 394
car 11 248 77 318
car 1563 922 1641 976
car 1300 150 1359 220
car 1402 811 1478 857
car 1110 439 1162 498
car 867 708 925 784
bus 881 478 1024 668
truck 1227 316 1284 387
car 1315 486 1379 540
car 1017 587 1075 658
van 1034 374 1087 439
car 908 760 968 832
bicycle 505 246 532 265
pedestrian 851 471 871 490
pedestrian 1140 830 1163 857
pedestrian 1308 386 1323 401
pedestrian 647 766 661 781
car 1308 37 1359 98
car 1224 67 1280 128
car 1241 116 1289 171
car 547 610 624 652
car 585 569 657 619
car 600 529 674 576
car 445 573 519 623
car 499 545 570 589
car 510 492 584 541
car 372 543 437 584
van 403 510 479 558
car 425 464 490 505
car 275 520 353 567
car 311 476 387 527
car 344 438 416 485
car 1327 697 1404 744
car 1334 651 1402 700
car 1346 602 1414 644
car 1376 568 1453 615
car 1401 731 1466 770
car 1435 684 1511 734
car 1436 632 1515 682
car 1486 602 1566 653
car 1468 749 1542 796
car 1628 698 1704 745
car 1559 782 1635 829
car 1637 807 1718 856
car 1727 832 1803 882
truck 1093 334 1181 446
truck 791 928 851 1011
car 1157 180 1208 245
car 250 411 326 458
car 224 449 301 495
car 165 485 243 536
car 152 385 229 426
car 85 448 163 500
car 158 280 230 326
car 270 310 353 363
van 78 283 147 334
car 1187 202 1244 268
truck 825 915 932 1051
pedestrian 1094 203 1117 227
motor 1158 91 1177 118
bus 343 251 509 349
bus 10 134 148 220
car 670 1039 730 1070
car 642 1006 699 1065
van 1806 859 1898 911
car 50 395 97 466
car 0 416 49 462
