car 23 323 74 400
car 11 251 77 321
car 1666 956 1744 1010
car 1347 71 1405 142
car 1499 833 1575 879
car 1157 365 1210 424
car 828 773 887 850
bus 848 532 991 722
truck 1282 224 1339 295
car 1288 451 1343 511
car 1064 515 1122 581
van 1000 427 1053 492
car 954 688 1014 760
bicycle 472 238 499 257
pedestrian 862 450 885 469
pedestrian 1131 846 1154 873
pedestrian 1317 373 1332 388
pedestrian 638 758 652 773
car 1288 72 1340 132
car 1199 108 1256 169
car 1210 151 1263 208
car 547 610 624 652
car 585 569 656 619
car 599 528 673 576
car 445 573 519 623
car 498 545 570 589
car 509 492 583 541
car 372 543 437 584
van 403 510 479 558
car 425 464 490 505
car 275 520 353 567
car 310 475 387 527
car 344 438 416 485
car 1327 696 1404 743
car 1334 650 1402 699
car 1346 601 1414 643
car 1376 566 1453 613
car 1401 731 1466 770
car 1436 685 1512 735
car 1438 632 1517 682
car 1487 602 1567 653
car 1469 749 1543 796
car 1588 685 1665 732
car 1560 782 1636 829
car 1637 807 1718 856
car 1727 832 1803 882
truck 1078 362 1164 473
truck 820 877 880 960
car 1120 222 1173 287
car 249 410 325 457
car 224 449 301 495
car 165 485 243 536
car 156 385 233 426
car 85 448 163 500
car 158 280 230 326
car 262 308 345 360
van 77 284 144 336
car 1164 235 1221 304
truck 862 853 969 990
pedestrian 1089 212 1112 236
motor 1149 108 1168 135
bus 262 223 428 317
bus 0 120 57 204
van 1806 859 1898 911
car 49 395 96 466
car 0 416 46 462
