car 35 292 97 352
car 35 226 108 285
car 900 916 966 982
motor 927 551 952 575
bicycle 999 345 1026 363
motor 613 1047 636 1067
motor 770 729 788 752
pedestrian 680 839 698 855
motor 1044 319 1071 350
pedestrian 1454 946 1478 969
pedestrian 1212 675 1236 702
pedestrian 1175 652 1191 667
pedestrian 659 806 674 824
car 554 610 629 652
car 591 572 662 620
car 610 531 682 579
car 450 573 525 621
car 506 545 578 589
car 516 495 590 544
car 376 547 447 586
van 408 509 484 557
car 433 464 497 507
car 283 517 361 565
car 318 477 393 528
car 292 421 364 469
car 1327 706 1404 753
car 1418 692 1495 742
car 1340 611 1408 653
car 1376 577 1453 624
car 1397 738 1461 777
car 1630 761 1706 811
car 1691 732 1773 782
car 1490 616 1566 665
car 1469 760 1541 807
car 1556 791 1632 838
car 1639 817 1719 866
car 1724 842 1800 891
car 0 359 74 400
car 174 482 252 533
car 95 448 170 500
car 189 287 262 333
car 284 313 367 366
van 104 278 179 321
bus 828 789 946 946
car 1063 839 1133 889
car 1333 844 1399 883
truck 1011 602 1066 668
truck 807 658 962 878
car 750 812 807 883
car 1221 327 1270 393
car 1103 535 1145 613
car 1130 396 1175 469
bus 1092 191 1208 343
car 1333 125 1394 194
car 1399 40 1457 105
car 1240 147 1291 215
car 1208 119 1263 185
van 1807 870 1899 922
car 54 395 101 465
car 0 416 56 462
