car 21 322 72 399
car 10 254 76 324
car 1787 996 1862 1050
car 1394 13 1448 65
car 1602 860 1679 906
car 1202 289 1255 348
car 787 842 846 919
bus 811 591 954 784
truck 1333 137 1390 208
car 1273 412 1319 474
car 1109 440 1167 506
van 967 482 1020 547
car 1004 617 1064 689
bicycle 436 229 463 248
pedestrian 874 430 897 449
pedestrian 1123 862 1146 889
pedestrian 1326 361 1341 376
pedestrian 627 752 641 767
car 1262 107 1314 167
car 1170 147 1228 206
car 1187 187 1242 245
car 547 610 623 652
car 585 569 656 619
car 599 528 672 576
car 444 573 518 623
car 498 545 569 589
car 508 492 582 541
car 372 543 437 585
van 403 510 479 558
car 425 464 490 505
car 274 520 352 567
car 310 475 387 527
car 344 438 416 485
car 1327 696 1404 743
car 1334 650 1402 699
car 1347 601 1415 643
car 1377 566 1454 613
car 1402 731 1467 770
car 1437 685 1513 735
car 1440 632 1519 682
car 1488 601 1568 653
car 1470 749 1544 796
car 1566 677 1643 724
car 1561 782 1637 829
car 1637 806 1718 855
car 1727 831 1803 881
truck 1066 384 1149 495
truck 844 826 904 909
car 1082 266 1137 330
car 248 410 324 457
car 223 449 300 495
car 164 485 242 536
car 157 385 234 426
car 84 448 162 500
car 154 278 226 324
car 254 306 337 358
van 75 285 142 337
car 1142 265 1200 336
truck 901 792 1003 924
pedestrian 1084 220 1107 244
motor 1139 125 1158 152
bus 176 198 344 287
van 1806 859 1898 911
car 49 395 96 466
car 0 416 43 462
