car 19 321 70 398
car 9 256 75 326
car 1714 890 1791 936
car 1246 214 1299 273
car 743 915 802 992
bus 773 652 915 848
truck 1379 57 1436 128
car 1269 371 1310 434
car 1155 359 1213 425
van 934 532 987 597
car 1048 551 1108 619
bicycle 402 221 429 240
pedestrian 887 411 910 430
pedestrian 1110 878 1133 905
pedestrian 1335 349 1350 364
pedestrian 617 746 631 761
car 1241 141 1293 201
car 1139 186 1197 249
car 1167 219 1220 277
car 546 610 623 652
car 584 569 655 619
car 598 528 672 575
car 444 573 518 623
car 498 545 569 589
car 508 492 582 541
car 372 543 437 585
van 403 510 479 558
car 425 463 490 504
car 274 520 352 567
car 310 475 387 527
car 344 438 416 485
car 1327 696 1404 743
car 1334 649 1402 698
car 1348 601 1416 643
car 1380 566 1457 613
car 1402 731 1467 770
car 1438 685 1514 735
car 1442 632 1521 682
car 1488 600 1570 652
car 1471 749 1545 796
car 1549 672 1626 719
car 1562 782 1638 829
car 1637 805 1718 854
car 1727 830 1803 880
truck 1059 403 1138 514
truck 866 776 921 855
car 1043 309 1102 373
car 248 409 324 456
car 221 449 298 495
car 163 485 241 536
car 157 387 234 428
car 84 448 162 500
car 148 275 220 321
car 246 304 329 356
van 72 285 139 337
car 1121 295 1179 366
truck 940 731 1036 858
pedestrian 1080 229 1103 253
motor 1131 140 1150 167
bus 88 172 263 261
van 1806 858 1898 910
car 48 395 95 466
car 0 416 40 462
