car 17 320 68 397
car 7 255 70 325
car 1824 922 1895 970
car 1291 141 1341 200
car 696 995 755 1063
bus 735 716 877 915
truck 1420 0 1479 52
car 1277 328 1318 391
car 1202 277 1260 343
van 902 588 955 653
car 1091 485 1150 552
bicycle 370 212 397 231
pedestrian 902 398 925 417
pedestrian 1097 889 1120 916
pedestrian 1342 335 1357 350
pedestrian 606 742 620 757
car 1221 172 1273 232
car 1107 230 1165 297
car 1149 244 1196 302
car 1230 65 1282 131
car 546 610 623 652
car 584 569 655 619
car 598 528 671 575
car 443 573 518 623
car 497 545 568 589
car 507 492 581 541
car 372 543 437 585
van 402 510 478 558
car 425 463 490 504
car 274 519 352 566
car 310 475 387 527
car 344 438 416 485
car 1327 696 1404 743
car 1336 649 1404 698
car 1349 601 1417 643
car 1382 567 1459 614
car 1403 731 1468 770
car 1439 685 1515 735
car 1444 632 1523 682
car 1489 600 1571 652
car 1472 749 1546 796
car 1538 668 1615 715
car 1563 782 1639 829
car 1637 805 1718 854
car 1727 830 1803 880
car 858 947 927 1016
truck 1051 423 1128 535
car 784 929 842 1004
truck 887 727 934 802
car 998 349 1060 410
car 247 409 323 456
car 218 449 295 495
car 163 485 241 536
car 154 388 231 429
car 83 448 161 500
car 136 268 209 316
car 236 302 321 354
van 68 285 135 337
car 1096 328 1155 399
car 1285 50 1334 116
truck 980 661 1084 791
pedestrian 1075 238 1098 262
motor 1121 161 1140 188
bus 14 143 173 232
van 1806 858 1898 910
car 48 395 95 466
car 0 416 37 462
