car 14 319 66 396
car 5 253 65 323
car 1336 69 1383 128
bus 696 783 838 985
car 1296 273 1338 335
car 1249 197 1307 263
van 868 644 921 711
car 1133 418 1192 485
bicycle 336 202 363 221
pedestrian 918 385 941 404
pedestrian 1087 903 1110 930
pedestrian 1347 320 1362 335
pedestrian 596 739 610 754
car 1203 201 1255 261
car 1071 281 1130 348
car 1127 272 1176 332
car 1206 102 1258 168
car 545 610 622 652
car 584 569 655 619
car 597 528 671 575
car 443 573 517 623
car 497 545 568 589
car 507 492 581 541
car 369 543 435 585
van 401 510 477 558
car 425 463 490 504
car 275 518 352 565
car 310 475 387 527
car 344 438 416 485
car 1327 696 1404 743
car 1338 649 1406 698
car 1350 600 1418 642
car 1384 567 1461 614
car 1403 731 1468 770
car 1440 685 1516 735
car 1447 632 1526 682
car 1490 599 1572 651
car 1473 749 1547 796
car 1540 668 1617 715
car 1565 782 1641 829
car 1750 733 1832 781
car 1640 805 1721 854
car 1728 830 1804 880
car 915 900 984 969
truck 1042 447 1119 560
car 811 874 870 949
truck 899 684 946 759
car 947 385 1012 440
car 246 408 322 455
car 215 448 292 494
car 162 485 240 536
car 150 387 227 428
car 81 448 159 500
car 120 259 195 310
car 227 300 312 352
van 65 285 132 337
car 1071 360 1130 431
car 1267 84 1316 150
truck 1020 599 1119 719
pedestrian 1071 247 1094 271
motor 1108 186 1127 213
bus 0 123 92 212
van 1811 858 1898 910
car 45 394 92 465
car 0 416 34 462
