car 12 318 64 395
car 4 252 61 322
car 1377 5 1424 55
bus 658 852 800 1052
car 1320 214 1363 275
car 1296 123 1354 189
van 832 700 884 771
car 1173 347 1232 414
bicycle 300 190 327 209
pedestrian 935 374 958 393
pedestrian 1075 913 1098 940
pedestrian 1355 302 1370 317
pedestrian 583 736 597 751
car 1185 231 1236 296
car 1037 332 1096 399
car 1103 303 1154 366
car 1182 138 1234 204
car 545 610 622 652
car 583 568 654 618
car 596 528 670 575
car 443 573 517 623
car 496 545 567 589
car 506 492 580 541
car 365 543 432 584
van 399 509 475 557
car 425 463 490 504
car 272 517 349 564
car 307 475 383 527
car 340 437 412 485
car 1330 697 1406 744
car 1339 648 1407 697
car 1350 600 1418 642
car 1386 568 1463 615
car 1404 731 1469 770
car 1441 685 1517 735
car 1449 632 1528 682
car 1491 598 1574 651
car 1474 749 1548 796
car 1542 668 1619 715
car 1566 782 1642 829
car 1693 714 1775 762
car 1647 807 1728 856
car 1733 830 1809 880
car 978 870 1050 933
truck 1038 472 1110 585
car 839 819 898 894
truck 899 638 948 714
car 886 412 956 458
car 246 408 322 455
car 212 447 289 493
car 162 485 240 536
car 145 386 222 427
car 79 448 157 500
car 102 253 179 303
car 217 298 304 350
van 61 283 129 335
car 1047 392 1106 463
car 1249 110 1297 176
truck 1061 525 1167 644
pedestrian 1062 251 1085 275
motor 1100 194 1119 221
van 1816 858 1900 910
car 43 394 90 465
car 0 416 31 462
