car 9 316 60 393
car 2 250 56 320
bus 641 923 757 1068
car 1355 146 1400 205
car 1344 48 1403 114
van 793 762 848 834
car 1217 272 1276 339
bicycle 264 179 291 198
pedestrian 950 361 973 380
pedestrian 1063 922 1086 949
pedestrian 1364 285 1379 300
pedestrian 570 733 584 748
car 1164 278 1217 343
car 1004 382 1063 449
car 1078 340 1129 403
car 1155 176 1211 241
car 545 611 622 652
car 581 566 652 616
car 596 528 670 575
car 441 574 515 624
car 496 545 567 589
car 506 492 580 541
car 361 543 430 584
van 397 508 473 556
car 420 462 485 503
car 266 517 344 564
car 302 475 377 527
car 334 436 406 483
car 1335 698 1411 745
car 1341 648 1409 697
car 1351 600 1419 642
car 1389 568 1466 615
car 1404 731 1469 770
car 1442 685 1518 735
car 1451 632 1530 682
car 1491 598 1575 651
car 1475 749 1549 796
car 1546 667 1623 714
car 1567 782 1643 829
car 1658 699 1740 747
car 1653 808 1734 857
car 1738 830 1814 880
car 1047 850 1123 903
truck 1036 499 1100 611
car 854 772 903 845
truck 887 590 939 666
car 814 420 885 461
car 239 406 315 453
car 210 447 287 493
car 161 485 239 536
car 141 385 218 426
car 76 448 154 500
car 82 250 159 295
car 200 290 287 343
van 53 280 126 332
car 1027 426 1086 497
car 1233 130 1287 195
car 1301 42 1354 107
truck 1101 457 1207 576
pedestrian 1053 255 1076 279
motor 1093 202 1112 229
van 1823 858 1901 910
car 35 393 82 464
car 0 416 28 462
