car 4 311 46 388
car 0 249 51 319
bus 641 1003 708 1068
car 1397 71 1445 130
car 1392 0 1444 35
van 750 829 808 906
car 1263 195 1322 262
bicycle 222 163 249 182
pedestrian 965 347 988 366
pedestrian 1051 932 1074 959
pedestrian 555 729 569 744
car 814 898 866 968
car 1139 335 1192 403
car 976 424 1035 495
car 1053 376 1106 439
car 1127 212 1184 279
car 537 607 619 654
car 579 565 650 615
car 594 527 668 574
car 435 574 509 624
car 492 542 563 586
car 498 488 575 538
car 355 542 425 583
van 388 504 464 552
car 413 460 478 501
car 255 512 335 561
car 293 472 370 524
car 327 434 399 482
car 1340 699 1416 746
car 1345 648 1415 697
car 1355 599 1423 641
car 1392 568 1469 615
car 1414 731 1479 770
car 1444 686 1520 736
car 1453 632 1532 682
car 1500 597 1585 649
car 1485 750 1559 797
car 1556 666 1633 713
car 1576 782 1654 831
car 1655 697 1737 746
car 1661 809 1742 859
car 1751 833 1830 883
car 1130 844 1207 896
truck 1039 526 1106 642
car 859 719 902 791
truck 854 537 916 610
car 736 405 807 446
car 229 403 305 450
car 201 443 277 490
car 156 483 234 535
car 133 381 210 422
car 67 446 145 498
car 62 246 139 288
car 174 278 262 331
van 46 278 123 330
car 1005 468 1064 539
car 1224 147 1278 212
car 1288 67 1341 132
truck 1143 376 1239 501
pedestrian 1043 259 1066 282
motor 1085 210 1104 237
van 1839 862 1901 914
car 22 390 69 461
