car 0 241 35 311
car 1446 0 1494 51
van 706 904 764 986
car 1313 112 1372 179
bicycle 177 146 204 165
pedestrian 981 332 1004 352
pedestrian 1036 946 1059 973
pedestrian 535 726 550 741
car 843 823 890 893
car 878 949 946 1023
car 1118 400 1169 471
car 950 463 1008 540
car 1030 414 1083 477
car 1094 247 1154 316
car 530 604 617 657
car 574 564 645 614
car 590 525 664 572
car 428 574 502 624
car 487 539 558 583
car 488 483 569 535
car 347 539 417 580
van 379 501 455 549
car 406 458 471 499
car 243 508 326 559
car 280 467 362 518
car 319 432 391 480
car 1347 700 1425 748
car 1351 648 1424 698
car 1362 598 1430 640
car 1399 566 1475 613
car 1423 731 1488 770
car 1454 686 1530 736
car 1459 632 1538 682
car 1511 596 1596 648
car 1497 752 1571 799
car 1566 667 1643 714
car 1585 782 1665 834
car 1665 695 1746 746
car 1672 807 1756 862
car 1765 837 1846 887
car 1221 850 1298 902
truck 1044 555 1119 677
car 854 661 896 733
truck 805 483 877 553
car 649 377 720 421
car 219 400 295 447
car 190 439 267 488
car 140 479 218 531
car 121 373 198 414
car 53 443 131 495
car 42 240 119 282
car 148 266 237 320
van 29 270 106 322
car 980 512 1039 584
car 1209 85 1270 157
car 1216 165 1270 230
car 1278 87 1331 152
truck 1186 300 1293 431
pedestrian 1035 263 1058 286
motor 1078 218 1097 245
van 1855 866 1901 918
car 5 383 52 454
