van 659 991 717 1063
car 1361 41 1420 107
bicycle 131 128 158 147
pedestrian 997 316 1020 340
pedestrian 1023 962 1046 989
pedestrian 515 724 530 739
car 854 751 895 822
car 918 914 988 985
car 1114 471 1157 542
car 930 504 988 581
car 1006 454 1059 517
car 1055 284 1119 353
car 532 605 621 660
car 570 563 641 613
car 588 523 662 570
car 422 574 496 624
car 481 537 553 581
car 480 480 564 532
car 336 537 408 580
van 369 499 449 549
car 398 456 463 497
car 233 508 316 559
car 269 464 353 516
car 312 430 384 478
car 1355 700 1435 750
car 1357 649 1431 699
car 1368 597 1437 639
car 1406 565 1482 612
car 1432 733 1497 772
car 1464 686 1540 736
car 1469 634 1548 683
car 1522 595 1608 648
car 1505 754 1579 801
car 1578 668 1655 715
car 1596 784 1678 837
car 1678 695 1761 748
car 1685 808 1770 866
car 1781 841 1862 893
car 1320 871 1397 923
truck 1063 590 1154 707
car 825 604 874 675
truck 741 435 817 500
car 554 345 625 393
car 209 398 285 445
car 177 435 257 485
car 125 475 205 528
car 109 372 186 413
car 42 441 122 497
car 24 234 101 276
car 129 257 219 312
van 15 263 90 315
car 953 557 1012 632
car 1184 126 1244 198
car 1209 180 1262 245
car 1269 100 1323 167
truck 1228 230 1335 361
pedestrian 1027 266 1050 289
motor 1070 226 1089 253
van 1873 869 1901 921
car 0 383 46 454
