bicycle 83 111 110 130
pedestrian 1014 295 1037 321
pedestrian 1010 977 1033 1004
pedestrian 493 723 508 738
car 842 684 885 759
car 855 948 922 1021
car 959 892 1035 960
car 1124 526 1168 599
car 910 538 968 615
car 982 497 1035 563
car 1011 319 1080 387
car 539 610 629 665
car 567 562 638 612
car 588 520 662 567
car 413 571 489 621
car 474 537 548 581
car 475 478 559 530
car 325 536 399 581
van 359 498 442 549
car 390 453 455 494
car 223 508 306 559
car 259 463 343 516
car 299 423 374 470
car 1364 700 1445 752
car 1364 649 1438 699
car 1371 595 1443 638
car 1411 562 1491 608
car 1442 736 1507 775
car 1474 686 1553 736
car 1479 634 1560 683
car 1532 593 1620 648
car 1515 757 1589 804
car 1589 669 1667 716
car 1611 787 1696 840
car 1694 697 1781 750
car 1702 813 1787 871
car 1797 845 1878 900
car 1435 899 1518 951
truck 1084 628 1194 736
car 789 544 847 615
truck 662 386 738 447
car 453 310 524 358
car 199 396 275 443
car 163 431 246 482
car 111 472 195 526
car 96 369 173 410
car 27 437 108 495
car 10 227 86 269
car 113 248 204 305
van 6 256 75 308
car 925 599 987 677
car 1159 165 1218 237
car 1203 191 1256 257
car 1262 108 1317 177
car 1312 2 1372 79
truck 1276 148 1383 279
pedestrian 1018 268 1041 291
motor 1062 230 1082 256
van 1890 873 1901 925
car 0 378 29 449
