car 32 291 96 355
car 33 226 108 285
car 952 876 1024 934
car 837 968 890 1034
motor 887 612 910 635
bicycle 970 355 997 373
motor 757 766 776 789
pedestrian 688 816 706 832
motor 1003 344 1031 371
pedestrian 1507 976 1531 999
pedestrian 1207 689 1231 716
pedestrian 1185 630 1201 645
pedestrian 659 806 674 823
car 554 610 629 652
car 590 572 662 620
car 609 531 681 579
car 450 573 525 621
car 506 545 578 589
car 516 495 590 544
car 375 547 446 587
van 408 509 484 557
car 433 464 497 508
car 282 517 360 565
car 317 477 392 528
car 322 431 394 479
car 1327 705 1404 752
car 1394 682 1471 732
car 1339 609 1407 651
car 1377 576 1453 623
car 1397 737 1461 776
car 1574 739 1651 789
car 1647 717 1729 767
car 1489 616 1566 665
car 1469 759 1542 806
car 1556 790 1632 837
car 1639 816 1719 865
car 1724 841 1800 890
car 11 358 90 400
car 173 482 251 533
car 95 448 170 500
car 187 286 260 332
car 283 313 366 366
van 99 279 174 322
bus 848 759 962 914
car 1144 830 1214 874
car 1435 865 1501 904
truck 1028 569 1083 635
truck 770 718 922 943
car 695 909 753 980
car 1238 278 1287 344
car 1112 582 1150 659
car 1119 458 1164 531
bus 1064 223 1188 368
car 1336 120 1397 189
car 1406 30 1464 95
car 1200 210 1253 277
car 1191 146 1246 212
van 1807 869 1899 921
car 52 395 99 465
car 0 416 55 462
