bicycle 34 94 61 113
pedestrian 1031 271 1054 297
pedestrian 996 995 1019 1022
pedestrian 471 722 486 737
car 819 626 872 699
car 898 898 968 976
car 1003 881 1085 939
car 1144 576 1197 653
car 896 575 952 650
van 962 544 1014 613
car 954 345 1027 400
car 546 615 630 669
car 578 568 651 614
car 601 525 677 573
car 405 568 482 620
car 467 536 544 582
car 471 478 551 528
car 318 535 392 580
car 351 496 434 547
car 381 448 447 492
car 209 508 290 554
car 250 464 331 509
car 285 420 361 469
car 1374 704 1454 754
car 1375 652 1449 696
car 1380 594 1451 634
car 1423 557 1500 604
car 1456 736 1519 777
car 1486 685 1563 732
car 1495 631 1575 684
car 1548 593 1633 647
car 1529 757 1606 807
car 1606 670 1684 714
car 1630 791 1709 844
car 1713 701 1795 751
car 1717 817 1803 870
car 1818 845 1899 902
car 1557 932 1642 985
truck 1124 659 1237 756
car 752 483 810 553
truck 580 338 657 397
car 342 267 421 318
car 184 390 269 443
car 156 428 233 483
car 102 474 183 525
car 86 366 159 413
car 12 435 93 492
car 0 223 70 258
car 94 242 179 295
car 0 246 53 303
car 1805 675 1892 735
car 901 649 962 728
car 1128 201 1187 280
car 1207 186 1259 255
car 1259 114 1316 185
car 1312 14 1372 86
truck 1324 69 1424 200
pedestrian 32 93 65 113
motor 1031 271 1052 296
pedestrian 1009 263 1027 289
motor 1051 235 1075 259
car 0 373 10 444
