pedestrian 1050 246 1073 272
pedestrian 981 1014 1004 1041
pedestrian 450 722 465 737
car 790 562 843 635
car 947 855 1023 930
car 1057 878 1135 930
car 1164 613 1219 691
car 871 614 928 688
van 939 591 990 664
car 891 355 966 406
car 560 621 640 675
car 598 575 672 620
car 621 531 699 580
car 395 564 475 618
car 463 535 541 584
car 465 476 543 527
car 308 533 381 578
car 341 493 425 545
car 370 442 437 489
car 199 505 283 554
car 240 463 321 507
car 274 416 351 465
car 1381 705 1461 755
car 1370 646 1447 693
car 1369 586 1440 631
car 1426 555 1503 602
car 1467 737 1529 778
car 1497 685 1577 734
car 1505 632 1586 684
car 1556 593 1641 646
car 1543 758 1620 808
car 1619 667 1697 711
car 1644 792 1726 845
car 1729 702 1811 752
car 1736 820 1822 873
car 1833 847 1902 904
car 1692 974 1778 1027
truck 1175 691 1294 778
car 686 425 754 493
truck 485 294 565 353
car 229 227 308 278
car 170 384 255 437
car 146 427 223 482
car 89 473 170 524
car 71 362 144 409
car 3 429 75 486
car 0 220 60 255
car 91 241 176 294
car 0 246 41 303
car 1786 665 1873 722
car 872 702 934 783
car 1092 238 1158 319
car 1212 182 1262 253
car 1262 111 1319 182
car 1232 36 1293 111
car 1314 16 1373 87
truck 1370 19 1467 122
motor 1051 246 1069 270
pedestrian 1000 257 1014 284
motor 1040 240 1067 262
