car 751 496 806 569
car 999 815 1082 894
car 1111 881 1193 924
car 1184 644 1242 723
car 839 661 899 737
van 910 643 962 718
car 819 351 896 402
car 590 631 672 685
car 637 587 711 634
car 659 542 737 592
car 387 564 473 618
car 467 535 542 584
car 455 468 535 524
car 292 528 364 574
car 333 490 416 541
car 356 435 424 482
car 181 502 266 551
car 231 462 312 506
car 263 411 341 460
car 1391 705 1471 755
car 1359 641 1436 688
car 1347 572 1419 616
car 1420 546 1498 593
car 1480 738 1542 779
car 1511 689 1592 739
car 1512 627 1592 679
car 1561 585 1646 638
car 1558 762 1635 812
car 1629 667 1709 711
car 1660 796 1743 850
car 1745 701 1829 751
car 1754 822 1840 875
car 1857 847 1902 904
car 1843 1020 1897 1068
truck 1237 719 1360 799
car 611 369 685 437
truck 383 251 463 311
car 109 183 188 234
car 146 367 231 420
car 127 419 204 474
car 70 468 151 519
car 52 353 128 400
car 0 423 51 480
car 0 208 37 243
car 75 235 160 288
car 1771 655 1858 712
car 836 757 900 843
car 1047 276 1123 353
car 1217 177 1266 250
car 1267 105 1324 176
car 1218 57 1279 132
car 1316 14 1375 85
motor 1068 222 1086 245
pedestrian 987 251 1001 278
motor 1029 247 1056 270
pedestrian 1485 127 1505 155
