car 702 446 763 514
car 1060 803 1141 863
car 1174 882 1257 925
car 1207 674 1275 753
car 801 726 862 807
van 874 706 929 781
car 736 333 817 384
car 624 642 707 696
car 698 608 771 657
car 725 567 803 617
car 412 574 499 628
car 494 543 577 597
car 451 469 533 521
car 285 526 357 573
car 340 492 423 543
car 350 438 421 485
car 170 497 259 548
car 221 461 302 504
car 257 407 336 456
car 1395 705 1475 755
car 1328 630 1405 677
car 1303 557 1374 601
car 1398 536 1475 583
car 1484 738 1546 779
car 1506 685 1587 735
car 1497 621 1577 673
car 1541 578 1626 631
car 1563 762 1640 812
car 1626 665 1706 709
car 1665 797 1751 851
car 1750 700 1836 751
car 1760 825 1846 878
car 1866 848 1902 904
truck 1300 745 1426 822
car 528 324 610 390
truck 286 215 366 275
car 9 152 74 203
car 145 379 230 432
car 121 416 198 471
car 63 466 144 517
car 45 351 122 398
car 0 422 45 479
car 60 229 146 282
car 1744 645 1831 702
car 795 822 860 909
car 995 311 1080 380
car 1221 173 1270 246
car 1273 100 1330 171
car 1201 84 1262 159
car 1318 12 1377 83
motor 1084 198 1102 221
pedestrian 976 253 990 280
motor 1022 268 1045 294
pedestrian 1501 108 1521 135
