car 651 407 717 464
car 1119 796 1201 845
car 1244 886 1327 924
car 1246 710 1315 780
car 753 802 817 886
van 836 774 892 849
car 650 307 733 358
car 672 657 756 711
car 763 629 836 678
car 811 596 889 646
car 458 584 548 636
car 549 561 632 613
car 468 471 551 526
car 288 524 359 570
car 366 501 452 550
car 351 436 421 483
car 171 495 259 546
car 223 460 304 503
car 259 406 337 455
car 1398 705 1478 755
car 1287 616 1364 663
car 1241 538 1315 583
car 1362 523 1439 570
car 1486 738 1548 779
car 1490 679 1570 729
car 1465 610 1545 663
car 1517 569 1608 621
car 1565 759 1642 809
car 1611 657 1694 704
car 1666 795 1753 848
car 1756 699 1843 749
car 1762 823 1848 876
car 1867 849 1902 905
truck 1367 764 1492 839
car 444 289 527 348
truck 179 181 266 241
car 145 376 230 429
car 121 416 198 471
car 61 465 142 516
car 43 348 120 395
car 57 222 148 276
car 1710 636 1797 693
car 750 896 815 983
car 935 330 1026 395
car 1222 172 1271 245
car 1273 100 1330 171
car 1186 105 1247 180
car 1320 10 1379 81
car 1260 2 1322 79
pedestrian 965 255 979 282
motor 1002 282 1025 308
pedestrian 1510 90 1530 117
