car 596 376 667 426
car 1186 796 1268 842
car 1324 898 1407 940
car 1297 743 1376 810
car 699 886 766 972
van 794 849 851 924
car 562 276 644 327
car 732 674 816 727
car 835 652 908 701
car 909 632 988 682
car 520 600 609 654
car 627 582 710 633
car 509 477 591 536
car 292 522 364 568
car 407 512 495 561
car 367 437 436 484
car 177 495 262 545
car 230 459 311 502
car 263 406 339 455
car 1398 705 1478 755
car 1232 596 1309 644
car 1171 513 1245 557
car 1308 502 1385 549
car 1486 738 1548 779
car 1456 667 1536 717
car 1424 592 1504 645
car 1496 558 1587 611
car 1566 757 1643 807
car 1589 647 1672 695
car 1666 795 1753 848
car 1756 699 1843 749
car 1762 823 1848 876
car 1867 849 1902 905
truck 1434 779 1559 854
car 359 255 442 311
truck 77 150 164 209
car 146 373 231 426
car 121 416 198 471
car 62 463 143 514
car 42 343 119 390
car 61 222 146 275
car 1667 617 1754 674
car 703 974 768 1061
car 870 344 963 403
car 1224 170 1273 243
car 1273 100 1330 171
car 1176 123 1237 198
car 1321 10 1380 81
car 1246 24 1308 101
car 1794 766 1876 819
pedestrian 953 257 967 284
motor 978 295 1001 321
pedestrian 1520 73 1539 100
