van 1132 539 1159 559
van 1109 512 1141 537
van 1162 444 1183 479
car 1174 500 1192 532
car 150 437 186 461
car 251 353 286 379
car 1 440 30 478
car 1134 132 1169 155
truck 1275 88 1316 115
truck 951 108 978 138
van 979 175 1013 192
car 393 153 417 193
car 338 140 363 172
van 329 97 351 135
van 374 95 396 129
bus 968 223 1055 245
van 788 122 820 151
van 500 154 524 188
van 530 249 554 279
car 557 314 581 348
car 594 412 613 441
car 273 400 309 423
ignored-regions 1180 60 1200 75
car 609 553 639 592
van 660 669 684 707
van 586 619 606 647
awning-tricycle 601 384 618 405
awning-tricycle 623 498 637 517
motor 471 57 487 76
motor 478 88 489 105
motor 447 250 466 279
motor 531 453 547 469
motor 817 495 836 509
motor 661 735 674 751
pedestrian 344 73 356 82
pedestrian 292 352 305 363
van 1234 223 1273 245
car 757 292 790 311
car 258 473 298 501
truck 300 461 338 482
truck 342 448 381 471
van 1300 216 1339 239
van 797 284 829 301
car 848 283 886 302
car 852 479 885 506
van 862 508 896 536
car 921 421 954 448
car 926 448 961 479
car 523 305 548 345
others 544 370 571 417
awning-tricycle 994 119 1013 143
car 37 144 73 168
pedestrian 212 399 228 410
