van 1132 539 1159 559
van 1109 512 1141 536
van 1162 444 1183 479
car 1177 496 1194 528
car 150 438 186 462
car 253 355 287 381
car 1 440 30 480
car 1134 132 1170 154
truck 1275 88 1316 115
truck 951 108 978 138
van 979 175 1013 192
car 393 153 417 193
car 338 140 363 172
van 329 98 352 137
van 374 96 396 130
bus 968 223 1055 245
van 788 122 820 151
van 488 117 513 152
van 518 213 542 242
car 544 278 568 312
car 576 371 595 399
car 257 408 292 432
ignored-regions 1180 60 1200 75
car 609 553 640 591
van 654 653 678 691
van 602 669 623 700
awning-tricycle 592 356 609 377
awning-tricycle 614 474 627 495
motor 456 18 474 38
motor 473 58 486 75
motor 441 236 460 265
motor 508 438 525 453
motor 817 495 836 509
motor 653 722 666 738
pedestrian 345 80 357 90
pedestrian 296 351 309 362
van 1191 232 1233 254
car 757 292 790 311
car 258 473 298 501
truck 300 461 338 482
truck 342 448 381 471
van 1268 221 1308 245
van 797 284 829 301
car 848 283 886 302
car 852 477 887 506
van 862 508 896 537
car 909 432 943 460
car 918 457 953 488
car 528 320 553 360
others 553 390 579 434
awning-tricycle 994 119 1013 143
car 37 148 73 172
pedestrian 207 402 223 413
