van 1132 538 1160 558
van 1109 512 1141 534
van 1162 443 1184 478
car 1177 495 1194 527
car 150 440 186 464
car 253 356 288 382
car 1 442 30 480
car 1135 132 1172 154
truck 1275 87 1316 114
truck 951 107 978 137
van 979 174 1013 191
car 393 153 417 194
car 338 140 363 172
van 329 99 352 138
van 374 97 396 131
bus 967 222 1054 245
van 788 122 820 151
van 476 84 500 118
van 505 175 529 204
car 528 242 552 276
car 563 334 582 362
car 241 415 276 441
ignored-regions 1180 59 1200 74
car 609 552 640 590
van 648 637 673 675
van 618 721 637 753
awning-tricycle 579 322 596 349
awning-tricycle 604 445 619 466
awning-tricycle 701 712 719 738
motor 464 25 478 44
motor 434 222 453 250
motor 485 422 503 437
motor 818 495 837 509
motor 645 709 658 724
pedestrian 347 87 359 97
pedestrian 301 350 314 361
van 1153 240 1193 264
car 757 292 790 311
car 258 473 299 501
truck 300 461 338 482
truck 342 448 382 471
van 1235 229 1277 251
van 797 284 829 301
car 848 283 886 302
car 852 476 888 505
van 862 507 898 536
car 899 439 935 468
car 915 460 950 491
car 534 338 559 378
others 562 411 588 452
awning-tricycle 994 119 1013 143
car 39 148 74 172
pedestrian 202 406 217 417
