van 1132 537 1161 557
van 1109 512 1141 533
van 1162 442 1185 477
car 1177 493 1194 525
car 150 440 186 464
car 253 356 288 382
car 1 443 31 481
car 1134 131 1171 153
truck 1274 86 1315 113
truck 951 107 978 137
van 979 174 1013 191
car 393 153 417 195
car 338 140 363 173
van 329 99 352 139
van 373 98 395 132
bus 967 222 1053 244
van 788 122 820 151
van 463 49 487 83
van 491 138 514 167
car 515 205 539 239
car 548 296 567 324
car 225 424 259 450
ignored-regions 1180 58 1200 73
car 606 548 638 586
van 642 621 667 659
awning-tricycle 567 288 584 313
awning-tricycle 594 415 610 442
awning-tricycle 690 674 705 698
motor 457 2 471 7
motor 429 210 448 238
motor 458 415 476 430
motor 818 495 837 509
motor 636 696 649 711
pedestrian 349 94 361 104
pedestrian 305 349 318 360
van 1113 249 1153 273
car 757 291 790 310
car 259 473 299 501
truck 300 461 338 482
truck 342 448 383 471
van 1201 235 1243 256
van 797 284 829 301
car 848 282 886 301
car 852 476 888 505
van 862 507 898 536
car 893 445 929 474
car 913 461 948 492
car 1298 220 1334 241
car 542 359 566 398
others 569 427 600 469
awning-tricycle 994 118 1013 142
car 40 148 75 172
pedestrian 197 409 212 420
