car 31 291 95 355
car 32 227 107 285
car 1034 864 1105 914
car 874 907 927 973
car 782 962 846 1037
car 1294 67 1351 132
motor 847 678 870 701
bicycle 937 360 968 379
motor 742 804 761 827
pedestrian 699 788 717 803
motor 961 368 991 392
pedestrian 1562 1004 1586 1027
pedestrian 1205 696 1228 723
pedestrian 1192 610 1208 625
pedestrian 659 805 674 823
car 553 610 629 652
car 590 572 662 620
car 609 531 681 579
car 450 573 525 621
car 505 545 577 589
car 515 494 589 543
car 374 547 445 587
van 407 509 483 557
car 433 464 497 509
car 282 517 360 564
car 317 477 392 528
car 344 437 416 485
car 1327 704 1404 751
car 1374 673 1450 723
car 1339 608 1407 650
car 1377 575 1453 622
car 1397 736 1461 775
car 1529 726 1606 776
car 1614 705 1696 755
car 1489 616 1566 665
car 1469 758 1542 805
car 1556 790 1632 837
car 1639 815 1719 864
car 1724 840 1800 889
car 31 358 110 400
car 173 483 251 534
car 94 448 170 500
car 184 286 257 332
car 282 313 365 366
van 95 280 170 323
bus 867 729 973 885
car 1242 838 1318 879
car 1544 893 1612 933
truck 1049 532 1104 598
truck 729 778 885 1006
car 645 1008 703 1069
car 1256 229 1305 295
car 1119 630 1171 707
car 1115 509 1159 582
bus 1030 258 1162 395
car 1343 108 1404 177
car 1416 18 1474 79
car 1159 272 1214 338
car 1172 176 1227 242
van 1807 868 1899 920
car 51 395 98 465
car 0 416 55 462
