van 1132 536 1162 556
van 1109 512 1141 532
van 1162 442 1185 477
car 1177 494 1194 526
car 152 440 188 464
car 253 356 288 382
car 2 445 32 482
car 1134 131 1171 153
truck 1274 85 1315 112
truck 950 106 977 136
van 979 173 1013 190
car 393 153 417 195
car 338 140 363 173
van 329 99 352 139
van 373 98 395 132
bus 966 221 1053 244
van 787 122 819 151
van 450 11 476 50
van 479 103 501 131
car 501 167 525 201
car 535 261 554 288
car 203 438 238 464
ignored-regions 1180 58 1200 73
car 599 536 631 574
van 633 606 664 647
awning-tricycle 554 257 570 283
awning-tricycle 585 388 599 407
awning-tricycle 680 638 695 657
car 374 15 400 49
motor 426 202 445 231
motor 428 411 446 426
motor 819 495 838 509
motor 628 683 641 697
pedestrian 350 101 362 111
pedestrian 309 348 323 359
van 1076 252 1115 275
car 757 291 790 310
car 259 473 300 501
truck 301 461 339 482
truck 341 447 383 474
van 1168 238 1209 261
van 797 283 829 300
car 848 282 886 301
car 852 476 888 505
van 862 506 898 536
car 889 446 925 475
car 912 461 947 492
van 1249 234 1289 259
car 550 381 576 420
others 577 443 611 487
awning-tricycle 994 118 1013 142
car 41 149 75 173
awning-tricycle 413 1 432 21
pedestrian 192 413 207 424
