van 1132 536 1162 556
van 1109 511 1141 531
van 1162 441 1186 476
car 1178 495 1195 527
car 153 440 189 464
car 253 356 288 382
car 2 445 32 482
car 1134 130 1170 152
truck 1273 84 1314 111
truck 950 106 977 136
van 979 172 1013 189
car 393 153 417 195
car 338 140 363 173
van 328 99 351 139
van 373 98 395 132
bus 966 221 1052 243
van 787 122 819 151
van 465 67 491 100
car 487 130 512 164
car 520 223 541 250
car 180 450 215 474
ignored-regions 1180 57 1200 72
car 586 519 619 557
van 627 591 657 631
awning-tricycle 546 227 562 253
awning-tricycle 577 360 591 379
awning-tricycle 672 606 687 624
car 390 57 416 91
motor 426 199 445 228
motor 399 407 417 422
motor 1082 164 1097 179
motor 819 495 838 509
motor 620 670 633 684
pedestrian 352 108 364 119
pedestrian 314 347 327 358
van 1039 257 1077 277
car 757 291 790 310
car 259 474 300 502
truck 301 461 339 482
truck 342 447 383 475
van 1135 247 1177 269
van 797 283 829 300
car 848 281 886 300
car 852 475 888 504
van 862 505 898 535
car 889 446 925 475
car 912 461 947 492
van 1202 254 1240 278
car 558 401 586 441
others 589 462 619 502
awning-tricycle 993 117 1012 141
car 42 149 76 173
awning-tricycle 424 22 441 53
pedestrian 187 416 201 427
