van 1132 536 1162 556
van 1109 511 1141 531
van 1161 440 1186 475
car 1178 496 1195 528
car 152 440 189 466
car 253 356 288 382
car 2 445 32 482
car 1134 130 1170 152
truck 1273 84 1314 111
truck 950 105 977 135
van 979 172 1013 189
car 392 153 417 195
car 338 140 363 174
van 328 99 351 139
van 372 98 395 132
bus 965 220 1051 243
van 787 122 819 151
van 453 33 477 62
car 473 93 498 127
car 505 183 527 211
car 155 463 189 487
ignored-regions 1180 56 1200 71
car 568 497 601 535
van 617 574 647 612
awning-tricycle 535 200 550 220
awning-tricycle 564 332 582 358
awning-tricycle 661 569 675 591
car 404 94 432 132
motor 426 199 445 228
motor 368 412 386 427
motor 1080 163 1096 178
motor 819 495 838 509
motor 611 654 624 669
pedestrian 354 116 366 126
pedestrian 318 346 331 357
van 1001 259 1039 278
car 757 290 790 309
car 259 474 300 502
truck 301 461 339 482
truck 342 447 382 472
van 1104 249 1145 272
van 797 283 829 300
car 848 281 886 300
car 852 475 888 504
van 862 505 898 535
car 889 446 925 475
car 911 461 946 492
van 1156 275 1194 300
car 566 420 596 461
others 600 479 631 519
awning-tricycle 993 117 1012 141
car 42 150 76 174
awning-tricycle 434 52 454 84
pedestrian 182 420 196 431
