van 1132 535 1163 555
van 1109 510 1141 530
van 1161 440 1186 474
car 1179 497 1196 529
car 152 440 189 466
car 253 356 288 382
car 2 445 33 482
car 1133 129 1169 152
truck 1273 83 1314 110
truck 949 105 976 135
van 979 171 1013 188
car 392 153 416 195
car 338 140 363 174
van 327 99 351 139
van 372 98 395 132
bus 965 220 1051 243
van 787 121 819 150
van 440 2 461 27
car 459 58 484 92
car 490 142 511 170
car 126 473 160 497
ignored-regions 1180 56 1200 71
car 546 472 580 510
van 607 556 636 594
awning-tricycle 518 164 537 191
awning-tricycle 550 300 566 327
awning-tricycle 648 532 662 553
car 417 135 445 171
awning-tricycle 15 570 40 589
motor 425 199 444 228
motor 338 418 356 433
motor 1079 162 1095 177
pedestrian 937 156 956 169
pedestrian 938 167 956 177
motor 819 495 838 509
motor 601 638 614 655
pedestrian 355 123 367 133
pedestrian 322 345 336 356
van 962 257 1000 276
car 757 290 790 309
car 259 474 300 502
truck 301 461 339 482
truck 342 447 383 474
van 1072 252 1113 275
van 797 282 829 299
car 848 280 886 299
car 852 475 888 504
van 862 504 898 534
car 889 446 925 475
car 911 461 946 492
van 1114 295 1151 322
car 576 438 604 476
others 610 495 644 535
awning-tricycle 993 117 1012 141
car 40 150 73 174
awning-tricycle 445 84 463 116
pedestrian 177 423 191 434
