van 1132 535 1163 554
van 1109 510 1141 530
van 1161 439 1186 473
car 1179 498 1196 530
car 152 440 189 465
car 252 356 287 382
car 3 445 33 482
car 1133 129 1169 151
truck 1272 82 1313 109
truck 949 104 976 134
van 979 171 1013 188
car 392 153 416 195
car 338 140 363 174
van 327 99 350 139
van 372 98 395 132
bus 964 220 1049 242
van 787 119 819 149
car 448 23 473 57
car 478 103 496 133
car 92 485 127 509
ignored-regions 1180 55 1200 70
car 519 451 554 487
van 591 537 621 574
awning-tricycle 508 136 526 163
awning-tricycle 543 272 557 292
awning-tricycle 636 495 651 513
car 431 171 461 206
awning-tricycle 55 560 84 575
motor 425 199 444 228
motor 308 424 326 439
motor 1078 161 1093 176
pedestrian 944 154 963 168
pedestrian 944 166 962 176
motor 818 495 837 509
motor 591 622 604 640
pedestrian 357 130 369 141
pedestrian 326 344 340 355
van 925 255 963 274
car 757 290 790 309
car 259 474 300 502
truck 301 461 339 482
truck 342 447 384 475
van 1041 255 1083 276
van 797 282 829 299
car 848 280 886 299
car 852 475 888 504
van 862 503 898 534
car 888 445 924 474
car 910 461 945 492
van 1078 314 1114 341
car 586 455 616 492
others 621 512 656 552
awning-tricycle 993 116 1012 140
car 40 150 73 174
awning-tricycle 453 114 471 145
pedestrian 172 426 186 436
