van 1132 534 1163 552
van 1109 510 1141 530
van 1161 439 1186 472
car 1177 501 1194 535
car 152 440 189 465
car 252 356 287 382
car 3 445 34 482
car 1133 128 1168 151
truck 1272 81 1313 108
truck 949 104 976 134
van 979 170 1013 187
car 391 153 416 195
car 338 140 363 175
van 326 99 350 139
van 372 98 394 132
car 394 1 418 40
bus 961 219 1046 241
van 787 117 820 148
car 438 0 462 26
car 467 69 486 98
car 58 497 93 521
ignored-regions 1180 54 1200 69
car 488 432 524 464
van 570 515 602 552
awning-tricycle 498 105 516 132
awning-tricycle 534 246 547 264
awning-tricycle 623 465 637 484
car 445 206 473 245
awning-tricycle 99 547 125 563
motor 424 199 443 228
motor 278 432 296 447
motor 1077 159 1092 174
pedestrian 950 153 969 166
pedestrian 950 165 968 175
motor 815 496 834 510
motor 583 607 596 625
pedestrian 358 137 370 148
pedestrian 331 343 345 354
van 890 251 927 271
car 757 289 790 308
car 259 474 300 502
truck 302 461 340 482
truck 342 447 384 475
van 1011 256 1053 275
van 797 282 829 299
car 848 279 886 298
car 852 474 888 503
van 862 503 898 534
car 888 445 924 474
car 910 461 945 492
van 1050 331 1084 359
car 597 469 629 505
others 632 531 668 567
awning-tricycle 993 116 1012 140
car 40 150 73 175
awning-tricycle 467 148 484 178
pedestrian 167 428 181 439
