van 1132 534 1163 551
van 1109 509 1141 529
van 1161 438 1186 472
car 1177 506 1193 541
car 152 440 189 464
car 252 356 287 382
car 3 445 34 482
car 1133 128 1168 151
truck 1272 81 1313 108
truck 949 104 976 134
van 979 170 1013 187
car 391 153 416 195
car 338 140 363 175
van 326 99 350 139
van 371 98 394 132
car 404 25 433 60
bus 960 218 1044 241
van 786 116 820 147
car 455 37 477 68
car 21 509 56 532
ignored-regions 1180 54 1200 69
car 454 417 491 445
van 548 494 582 529
awning-tricycle 487 79 503 99
awning-tricycle 522 217 534 236
awning-tricycle 608 428 622 447
car 452 239 472 279
awning-tricycle 138 536 167 552
motor 424 199 443 228
motor 249 442 267 457
motor 1076 158 1091 173
pedestrian 956 151 975 165
pedestrian 956 164 974 174
motor 813 497 832 511
motor 575 592 589 610
motor 420 76 436 101
pedestrian 359 144 371 155
pedestrian 335 342 349 353
van 858 249 895 270
car 757 289 790 308
car 259 474 300 502
truck 302 461 340 482
truck 342 448 384 475
van 981 255 1023 274
van 797 281 829 298
car 848 279 886 298
car 852 474 888 503
van 862 502 897 533
car 888 445 924 474
car 909 460 943 492
van 1025 346 1059 375
car 615 490 647 526
others 649 545 688 579
awning-tricycle 993 116 1012 140
car 40 150 73 175
awning-tricycle 478 179 497 210
pedestrian 163 431 176 441
