van 1132 534 1163 551
van 1109 509 1141 529
van 1161 438 1186 471
car 1177 510 1193 545
car 152 440 189 464
car 252 356 287 382
car 3 445 34 482
car 1132 127 1167 150
truck 1271 80 1312 107
truck 948 103 975 133
van 978 169 1012 186
car 391 153 416 195
car 338 140 363 175
van 325 99 349 139
van 371 98 394 132
car 408 47 436 83
bus 959 217 1043 241
van 786 116 820 147
car 443 7 463 35
car 0 525 20 550
ignored-regions 1177 53 1197 68
car 417 405 456 430
van 524 472 560 507
awning-tricycle 473 49 492 74
awning-tricycle 513 186 525 205
awning-tricycle 597 397 610 418
car 445 275 464 312
awning-tricycle 177 529 197 544
motor 424 199 443 228
motor 220 452 238 467
motor 1075 157 1089 172
pedestrian 963 150 982 164
pedestrian 962 163 980 173
motor 810 498 829 512
motor 564 577 578 595
motor 426 92 441 117
pedestrian 361 151 373 162
pedestrian 339 337 353 347
van 830 251 867 269
car 757 288 790 307
car 259 474 300 502
truck 302 461 340 482
truck 342 448 384 476
van 951 253 993 272
van 797 281 829 298
car 847 279 885 298
car 852 474 888 503
van 862 502 897 533
car 888 445 924 474
car 908 459 942 492
van 1001 359 1033 386
car 634 506 666 542
others 670 557 710 588
awning-tricycle 992 115 1011 139
car 39 151 72 176
awning-tricycle 491 215 510 246
pedestrian 158 433 172 444
