van 1132 534 1163 551
van 1109 508 1141 528
van 1161 438 1185 471
car 1176 512 1192 547
car 152 440 188 464
car 252 356 287 382
car 3 446 34 483
car 1132 127 1167 150
truck 1271 80 1312 107
truck 948 103 975 133
van 978 169 1012 186
car 390 153 415 195
car 338 140 363 176
van 325 99 349 139
van 371 99 394 132
car 413 65 443 101
bus 959 217 1043 241
van 786 116 820 147
ignored-regions 1175 53 1195 68
car 372 406 410 427
van 495 455 532 488
awning-tricycle 463 18 482 48
awning-tricycle 501 155 513 175
awning-tricycle 582 367 596 385
car 430 307 457 344
awning-tricycle 213 519 239 534
motor 1310 188 1325 200
motor 423 199 442 228
motor 190 462 209 477
motor 1074 156 1088 171
pedestrian 969 150 988 163
pedestrian 968 162 986 172
motor 808 499 827 513
motor 552 563 566 581
motor 432 108 446 133
pedestrian 362 158 374 170
pedestrian 343 332 357 342
van 810 249 847 270
car 757 288 790 307
car 259 475 300 503
truck 302 461 340 482
truck 342 449 384 476
van 922 250 964 270
van 797 281 829 298
car 846 279 884 298
car 853 474 889 503
van 862 502 897 533
car 888 444 923 474
car 907 459 942 492
van 979 372 1013 400
car 653 521 685 556
others 693 566 738 592
awning-tricycle 992 115 1011 139
car 39 151 72 176
awning-tricycle 498 249 525 283
pedestrian 153 436 167 446
