van 1132 533 1163 550
van 1109 508 1141 528
van 1160 437 1184 471
car 1175 513 1192 548
car 152 440 188 464
car 251 357 286 383
car 3 447 34 484
car 1132 126 1167 149
truck 1271 79 1312 106
truck 947 103 974 133
van 978 169 1011 186
car 390 153 415 195
car 338 140 363 176
van 324 99 349 139
van 371 99 394 132
car 418 76 445 118
bus 959 217 1043 241
van 785 116 819 147
ignored-regions 1174 52 1194 67
car 324 414 361 438
van 467 440 504 472
awning-tricycle 489 127 502 146
awning-tricycle 569 337 583 354
car 406 336 435 371
awning-tricycle 245 509 272 526
motor 1276 196 1291 208
motor 423 199 442 228
motor 160 471 179 486
motor 1072 154 1086 169
pedestrian 1062 144 1079 159
pedestrian 975 150 994 163
pedestrian 974 161 992 171
motor 805 500 824 514
motor 540 548 554 566
motor 437 123 451 148
pedestrian 363 165 375 177
van 793 252 830 273
car 756 288 789 307
car 259 475 300 503
truck 302 462 340 482
truck 342 449 384 476
van 895 248 936 268
van 796 281 828 297
car 846 279 884 298
car 853 474 889 503
van 862 502 897 533
car 888 443 923 474
car 906 459 942 492
van 963 384 997 412
car 674 534 708 569
others 719 574 761 595
awning-tricycle 991 115 1010 139
car 39 151 72 177
awning-tricycle 516 284 542 315
pedestrian 149 438 162 448
