car 30 291 95 355
car 30 227 106 285
car 1116 853 1187 894
car 914 846 967 911
car 798 934 862 1011
car 1258 122 1317 187
motor 807 745 830 768
bicycle 906 360 937 379
motor 727 843 746 866
pedestrian 711 760 729 775
motor 904 368 934 392
pedestrian 1619 1027 1643 1050
pedestrian 1203 702 1226 729
pedestrian 1199 590 1214 605
pedestrian 659 804 674 822
car 553 610 628 652
car 590 572 661 620
car 608 531 680 578
car 449 573 524 621
car 505 545 577 589
car 515 494 589 543
car 373 547 444 587
van 407 509 483 557
car 432 463 496 509
car 282 517 360 564
car 316 477 391 528
car 346 437 418 485
car 1327 704 1404 751
car 1357 665 1428 715
car 1339 607 1407 649
car 1377 573 1454 620
car 1397 736 1461 775
car 1493 713 1570 763
car 1583 694 1665 744
car 1488 615 1565 664
car 1470 757 1543 804
car 1556 789 1632 836
car 1639 814 1719 863
car 1724 839 1800 889
car 64 362 143 404
car 172 483 250 534
car 93 448 170 500
car 180 284 253 330
car 281 312 364 365
van 93 280 168 324
bus 886 697 981 856
car 1366 867 1443 915
car 1661 926 1730 969
truck 1068 493 1123 559
truck 688 836 853 1059
car 1281 183 1331 249
car 1133 667 1185 743
car 1114 553 1158 626
bus 984 289 1133 418
car 1363 81 1424 150
car 1435 0 1493 47
car 1116 329 1171 395
car 1150 214 1205 280
van 1807 867 1899 919
car 52 395 99 465
car 0 416 55 462
