van 1132 533 1163 550
van 1109 507 1141 527
van 1160 437 1184 471
car 1174 512 1193 547
car 152 441 187 465
car 251 357 286 383
car 3 447 34 484
car 1131 126 1166 149
truck 1271 79 1312 106
truck 947 103 974 133
van 977 168 1011 185
car 390 153 415 195
car 337 140 362 177
van 324 99 348 139
van 370 99 394 132
car 423 87 449 129
bus 958 217 1042 241
van 785 116 819 147
ignored-regions 1174 52 1194 67
car 274 429 311 454
van 438 428 475 459
awning-tricycle 480 97 493 116
awning-tricycle 560 307 573 327
car 377 362 409 394
awning-tricycle 278 499 308 513
motor 1242 202 1261 216
motor 423 199 442 228
motor 130 481 149 496
motor 1072 154 1086 169
pedestrian 1060 135 1077 150
pedestrian 982 150 1000 162
pedestrian 980 160 999 170
motor 803 501 822 515
motor 528 535 542 553
pedestrian 663 734 675 750
motor 441 135 455 160
pedestrian 364 172 376 184
van 777 252 814 273
car 756 288 789 307
car 259 475 300 503
truck 301 463 339 483
truck 342 450 384 477
van 871 246 911 266
van 793 281 827 297
car 845 279 883 298
motor 1289 216 1308 229
car 853 474 889 503
van 862 501 897 532
car 888 443 923 474
car 905 459 942 492
van 951 391 985 419
car 693 546 730 573
others 745 578 786 596
awning-tricycle 991 114 1010 138
car 39 151 72 177
awning-tricycle 530 319 552 351
pedestrian 144 441 157 451
