van 1132 532 1163 549
van 1109 507 1141 527
van 1160 437 1184 471
car 1172 511 1193 545
car 152 441 187 465
car 251 357 286 383
car 2 448 33 485
car 1131 126 1166 149
truck 1271 79 1312 106
truck 946 103 973 133
van 977 168 1011 185
car 389 153 415 195
car 337 140 362 177
van 323 99 348 139
van 370 99 393 132
car 427 98 455 140
bus 957 217 1041 241
van 785 115 819 146
ignored-regions 1174 52 1194 67
car 223 445 260 471
van 409 420 446 447
awning-tricycle 469 66 481 86
awning-tricycle 548 280 561 298
car 341 384 376 414
awning-tricycle 311 489 339 504
motor 1209 210 1228 223
motor 422 199 441 228
motor 100 490 119 505
motor 1072 153 1086 168
pedestrian 1058 127 1076 142
pedestrian 988 150 1007 162
pedestrian 987 159 1005 169
motor 800 503 819 517
motor 515 523 529 540
pedestrian 654 713 666 729
motor 445 146 459 171
pedestrian 366 179 378 191
van 765 253 802 274
car 755 288 788 307
car 259 475 300 503
truck 301 463 339 483
truck 342 450 384 477
van 850 245 888 266
van 791 281 826 297
car 844 279 882 298
motor 1225 230 1244 243
car 853 474 889 503
van 862 501 897 532
car 887 443 922 474
car 905 459 941 492
van 942 396 976 424
car 718 551 756 582
others 773 577 816 594
awning-tricycle 990 114 1009 138
car 38 151 71 178
awning-tricycle 546 355 564 386
pedestrian 139 443 152 453
