van 1132 532 1163 549
van 1109 507 1141 527
van 1160 437 1184 470
car 1172 509 1193 543
car 152 441 187 465
car 251 357 286 383
car 2 449 33 486
car 1131 125 1166 148
truck 1271 78 1312 105
truck 946 102 973 132
van 977 168 1010 185
car 389 153 415 195
car 337 140 362 177
van 323 99 347 139
van 370 99 393 132
car 428 108 459 145
bus 955 217 1040 241
van 785 115 819 146
ignored-regions 1174 52 1194 67
car 173 462 210 488
van 379 416 415 440
awning-tricycle 456 35 470 60
awning-tricycle 536 254 551 272
car 298 406 332 432
awning-tricycle 342 485 371 500
motor 1184 215 1202 230
motor 422 199 441 228
motor 70 500 89 515
motor 1072 153 1086 168
pedestrian 1056 118 1074 133
pedestrian 995 150 1013 161
pedestrian 993 158 1012 168
motor 798 504 817 518
motor 502 510 516 527
pedestrian 645 693 657 708
motor 448 154 462 179
pedestrian 367 186 379 199
motor 1293 181 1316 193
van 755 255 792 276
car 754 288 787 307
car 259 475 300 503
truck 300 464 338 484
truck 342 451 384 477
van 831 246 870 267
van 789 281 825 297
car 843 279 881 298
motor 1166 244 1185 257
car 853 474 889 503
van 862 501 897 532
car 886 443 921 474
car 904 460 940 494
van 934 402 968 430
car 743 560 777 582
others 798 571 841 597
awning-tricycle 990 114 1009 138
car 37 151 70 178
awning-tricycle 564 390 584 420
pedestrian 134 445 147 455
