van 1131 531 1162 549
van 1109 506 1141 526
van 1160 437 1184 470
car 1172 506 1193 540
car 151 442 186 466
car 250 358 285 384
car 2 450 33 486
car 1131 125 1166 148
truck 1271 78 1312 105
truck 945 102 972 132
van 977 168 1010 185
car 389 153 414 195
car 336 140 362 177
van 323 99 347 139
van 370 99 393 132
car 429 114 459 154
bus 955 216 1039 240
van 784 115 818 146
ignored-regions 1173 52 1193 67
car 125 480 162 506
van 346 416 383 439
awning-tricycle 445 10 459 32
awning-tricycle 528 229 542 246
car 255 430 289 456
awning-tricycle 369 482 395 497
motor 1152 225 1168 236
motor 421 199 440 228
motor 41 509 60 524
motor 1072 152 1086 167
pedestrian 1054 109 1072 125
pedestrian 1001 150 1019 161
pedestrian 999 157 1018 167
motor 795 505 814 519
motor 490 498 504 514
pedestrian 636 673 649 688
motor 449 159 463 184
pedestrian 368 193 380 206
motor 1260 190 1283 202
van 747 255 784 277
car 754 288 787 307
van 369 1 389 17
car 259 475 300 503
truck 300 465 337 485
truck 343 452 384 478
van 816 246 856 268
van 787 281 824 297
car 842 279 880 298
motor 1107 252 1131 264
car 853 474 889 503
van 862 501 897 532
car 886 443 921 474
car 903 461 939 495
van 931 406 965 434
car 768 562 804 584
others 826 565 869 587
awning-tricycle 989 114 1008 138
car 37 151 70 178
awning-tricycle 581 423 608 458
pedestrian 129 447 142 457
