van 1131 531 1161 549
van 1109 506 1141 526
van 1159 436 1183 470
car 1172 504 1193 538
car 149 443 185 467
car 250 358 285 384
car 2 452 33 487
car 1130 124 1165 147
truck 1271 77 1312 104
truck 945 102 972 132
van 976 167 1009 184
car 389 153 414 195
car 336 140 362 177
van 322 99 347 139
van 369 99 393 132
car 429 116 459 157
bus 955 216 1039 240
van 784 115 818 146
ignored-regions 1173 52 1193 67
car 81 494 118 519
van 312 418 350 442
awning-tricycle 519 206 534 223
car 211 448 245 474
awning-tricycle 391 482 421 496
motor 1125 229 1141 241
motor 421 199 440 228
motor 11 518 30 533
motor 1072 152 1086 167
pedestrian 1052 101 1070 117
pedestrian 1007 151 1025 161
pedestrian 1005 157 1024 167
motor 792 506 810 520
motor 477 486 491 501
pedestrian 627 652 640 667
motor 450 164 464 189
pedestrian 369 200 381 213
motor 1226 199 1249 212
van 738 254 777 277
car 751 288 784 307
van 373 15 397 50
car 8 544 48 569
car 258 476 299 504
truck 300 465 336 486
truck 350 447 389 471
van 805 248 845 270
van 785 281 820 297
car 840 279 878 298
motor 1054 255 1073 266
car 853 474 889 503
van 862 501 897 532
car 885 443 920 474
car 902 462 938 496
van 928 408 962 436
car 796 557 830 581
others 852 548 894 577
awning-tricycle 989 113 1008 137
car 36 151 69 178
awning-tricycle 601 455 629 488
pedestrian 124 450 137 460
