car 1280 205 1316 231
van 1130 531 1160 549
van 1110 505 1142 526
van 1159 436 1183 469
car 1172 501 1195 534
car 149 443 185 467
car 250 358 285 384
car 1 452 32 487
car 1130 124 1165 147
truck 1271 77 1312 104
truck 944 102 971 132
van 976 167 1009 184
car 388 153 414 195
car 335 140 362 177
van 322 99 346 139
van 369 99 393 132
car 429 118 459 158
bus 955 215 1039 239
van 784 115 818 146
ignored-regions 1173 52 1193 67
car 40 507 78 534
van 275 427 312 452
awning-tricycle 508 185 522 203
car 160 465 194 493
awning-tricycle 413 483 441 499
motor 1095 236 1110 250
motor 421 199 440 228
motor 1072 152 1086 166
pedestrian 1049 92 1068 108
pedestrian 1013 151 1031 161
pedestrian 1011 157 1030 167
motor 786 507 804 523
motor 460 483 474 497
pedestrian 618 632 632 647
motor 452 169 466 194
pedestrian 371 207 383 220
motor 1192 208 1215 221
van 725 256 764 279
car 743 290 776 309
van 384 45 410 78
car 43 530 87 558
car 258 477 298 504
truck 304 463 341 485
truck 357 445 396 469
van 795 248 835 270
van 783 281 817 298
car 836 279 874 298
motor 1006 256 1025 267
car 853 474 889 503
van 862 500 897 531
car 885 443 920 474
car 901 462 937 496
van 925 410 959 438
car 822 551 856 576
others 879 532 921 564
awning-tricycle 988 113 1007 137
car 36 151 69 178
awning-tricycle 623 485 653 514
pedestrian 118 452 132 462
