car 1238 219 1274 246
van 1130 531 1160 549
van 1110 505 1142 526
van 1159 436 1183 469
car 1172 497 1197 530
car 149 443 185 467
car 250 358 285 384
car 1 452 32 487
car 1130 124 1165 147
truck 1271 77 1312 104
truck 944 102 971 132
van 976 167 1009 184
car 388 153 414 195
car 335 140 362 177
van 321 99 346 139
van 369 99 393 132
car 429 118 459 157
bus 955 215 1039 239
van 784 115 818 146
ignored-regions 1173 52 1193 67
car 4 522 42 549
van 237 439 278 463
awning-tricycle 499 161 513 179
car 110 483 143 509
awning-tricycle 437 491 460 506
motor 1065 241 1080 255
motor 420 199 439 228
motor 1072 151 1086 165
pedestrian 1019 151 1037 161
pedestrian 1017 157 1036 167
motor 780 509 797 526
motor 443 481 457 494
pedestrian 610 612 623 626
motor 451 167 465 192
pedestrian 372 214 385 227
motor 1159 217 1182 230
van 707 261 746 284
car 735 291 768 310
van 391 69 416 108
car 77 518 121 546
car 257 478 297 504
truck 309 460 347 482
truck 371 442 410 466
van 785 249 825 271
van 781 281 814 298
car 833 279 871 298
motor 960 255 977 266
car 853 474 889 503
van 862 500 897 531
car 885 443 920 474
car 901 462 937 496
van 922 412 956 440
car 847 542 881 567
others 902 511 943 544
awning-tricycle 988 113 1007 137
car 35 151 68 178
awning-tricycle 650 511 680 541
pedestrian 113 454 127 464
