car 1192 235 1234 265
van 1130 530 1160 548
van 1110 505 1142 526
van 1159 436 1183 469
car 1174 494 1199 527
car 148 443 184 468
car 250 359 285 385
car 1 452 32 487
car 1130 123 1165 146
truck 1271 76 1312 103
truck 944 101 971 131
van 976 167 1009 184
car 388 153 414 195
car 335 140 362 177
van 321 99 346 139
van 369 99 393 132
car 429 118 459 155
bus 955 214 1039 238
van 784 115 818 146
ignored-regions 1173 51 1193 66
van 195 452 235 477
awning-tricycle 487 139 501 156
car 61 499 95 527
awning-tricycle 460 497 480 514
motor 1038 243 1053 257
motor 420 199 439 228
motor 1072 151 1086 165
pedestrian 1025 151 1043 161
pedestrian 1023 157 1042 167
motor 774 510 790 528
motor 426 478 440 491
pedestrian 602 591 616 605
motor 448 159 463 184
pedestrian 374 220 386 233
motor 1125 226 1148 240
van 680 266 718 291
car 722 295 755 314
van 400 96 428 130
car 369 19 395 49
car 108 505 152 533
car 260 476 299 501
truck 321 456 360 478
truck 393 441 430 460
van 771 252 811 274
van 776 282 808 299
car 829 279 867 298
motor 918 255 935 266
car 1272 200 1310 227
car 853 474 889 503
van 862 500 897 531
car 884 443 919 474
car 900 463 936 497
van 920 410 953 440
car 870 526 905 555
others 925 489 966 523
awning-tricycle 988 112 1007 136
car 35 151 68 179
awning-tricycle 681 533 712 560
pedestrian 108 456 122 466
