car 1149 253 1189 281
van 1130 530 1160 548
van 1110 505 1142 526
van 1159 436 1183 469
car 1175 491 1200 524
car 147 443 184 468
car 250 359 285 385
car 1 451 32 487
car 1130 123 1165 146
truck 1271 76 1312 103
truck 944 101 971 131
van 976 167 1009 184
car 388 153 414 195
car 335 140 362 177
van 321 98 346 139
van 369 99 393 132
car 429 118 459 154
car 7 547 44 572
bus 955 214 1039 238
van 784 115 818 146
ignored-regions 1173 51 1193 66
van 151 467 191 492
awning-tricycle 479 119 493 134
car 14 515 48 542
awning-tricycle 483 511 505 529
motor 1013 248 1028 262
motor 420 199 439 228
motor 1072 150 1086 164
pedestrian 1030 151 1048 161
pedestrian 1028 157 1047 167
motor 763 521 778 540
motor 409 476 423 488
pedestrian 603 571 617 585
motor 446 151 460 176
pedestrian 376 227 388 240
motor 1096 230 1119 244
van 648 275 685 302
car 701 300 734 319
van 406 122 433 158
car 379 47 405 78
car 137 495 181 523
car 271 473 310 497
truck 341 448 382 472
truck 419 442 456 459
van 755 254 794 273
van 758 285 790 302
car 825 279 863 298
motor 878 254 893 265
car 1224 214 1264 239
car 852 473 888 502
van 862 500 897 531
car 884 443 919 474
car 898 463 934 497
van 921 410 954 440
car 890 507 924 537
others 948 468 989 502
awning-tricycle 988 112 1007 136
car 35 151 68 179
awning-tricycle 712 547 743 574
pedestrian 103 459 117 469
