car 1114 273 1149 303
van 1131 530 1161 548
van 1110 504 1142 526
van 1159 435 1183 468
car 1175 489 1200 522
car 146 444 183 468
car 250 359 285 385
car 1 451 32 487
car 1130 123 1165 146
truck 1271 76 1312 103
truck 944 101 971 131
van 976 167 1009 184
car 388 153 414 195
car 335 140 362 177
van 321 98 346 139
van 369 99 393 132
car 429 118 459 153
car 38 532 79 561
bus 955 214 1040 238
van 784 115 818 146
ignored-regions 1173 50 1193 65
van 106 482 146 507
awning-tricycle 471 97 484 116
awning-tricycle 508 527 534 547
motor 982 250 997 263
motor 420 199 439 228
motor 1072 150 1086 164
pedestrian 1036 151 1054 161
pedestrian 1034 157 1053 167
motor 751 532 766 553
motor 391 474 405 486
pedestrian 605 551 619 565
motor 443 143 457 168
motor 437 59 448 75
pedestrian 377 233 390 247
motor 1067 234 1090 248
van 607 289 644 316
car 672 305 704 326
van 417 147 444 183
car 388 76 416 107
car 164 484 206 511
car 287 468 326 492
truck 365 442 407 466
truck 445 444 484 461
van 728 257 769 278
van 737 289 769 306
car 810 279 848 298
motor 838 254 853 265
car 1180 228 1215 252
car 852 472 888 501
van 862 499 896 531
car 884 443 919 474
car 897 463 933 497
van 921 411 954 441
van 1303 202 1343 231
car 911 485 944 518
others 973 444 1014 478
awning-tricycle 988 112 1007 136
car 35 151 68 179
awning-tricycle 743 562 775 581
pedestrian 99 462 113 473
