car 29 291 95 355
car 28 228 105 286
car 1212 856 1284 896
car 955 779 1008 844
car 868 946 934 1020
car 815 907 879 984
car 1219 179 1278 244
motor 770 812 793 835
bicycle 874 359 905 378
motor 713 879 732 902
pedestrian 724 731 742 746
motor 843 362 873 386
pedestrian 1675 1054 1699 1067
pedestrian 1204 702 1227 729
pedestrian 1208 572 1223 587
pedestrian 659 803 674 822
car 553 610 628 652
car 589 571 661 620
car 607 530 680 578
car 449 573 524 621
car 504 545 576 589
car 515 494 589 543
car 373 547 444 587
van 406 509 482 557
car 431 463 495 508
car 281 516 359 564
car 316 477 391 528
car 346 437 418 485
car 1327 703 1404 750
car 1345 661 1413 710
car 1339 607 1407 649
car 1378 572 1454 619
car 1397 735 1462 774
car 1466 703 1542 753
car 1559 684 1639 734
car 1488 613 1565 662
car 1470 756 1543 803
car 1556 789 1632 836
car 1639 813 1719 862
car 1724 838 1800 888
car 101 367 180 409
car 172 483 250 534
car 93 448 170 500
car 175 282 248 328
car 281 312 364 365
van 90 279 165 325
bus 903 660 972 818
car 1500 905 1576 960
car 1782 965 1847 1010
truck 1101 448 1156 514
truck 663 895 820 1069
car 1307 129 1357 195
car 1151 704 1212 780
car 1118 596 1163 669
bus 932 322 1088 433
car 1384 46 1445 115
car 1457 0 1515 8
car 1083 377 1137 446
car 1122 256 1177 322
van 1807 866 1899 918
car 53 394 100 464
car 0 416 54 462
