car 1076 296 1114 325
van 1131 530 1161 548
van 1110 504 1142 526
van 1159 435 1183 468
car 1176 487 1201 520
car 146 444 183 468
car 250 359 285 385
car 1 451 32 487
car 1130 123 1165 146
truck 1271 76 1312 103
truck 944 100 971 130
van 976 167 1009 184
car 388 153 414 195
car 335 140 362 177
van 321 98 346 139
van 369 99 393 132
car 429 118 459 152
car 72 519 114 545
bus 955 214 1040 238
van 784 115 818 146
ignored-regions 1173 50 1193 65
van 61 496 101 521
awning-tricycle 465 77 478 94
awning-tricycle 531 547 551 571
motor 955 244 970 258
motor 421 199 440 228
motor 1072 149 1086 163
pedestrian 1042 151 1060 161
pedestrian 1040 157 1059 167
motor 740 546 754 569
motor 373 477 387 488
pedestrian 607 532 621 546
motor 440 135 455 160
motor 440 86 451 102
pedestrian 379 240 392 253
motor 1039 236 1063 250
van 563 306 598 334
car 638 312 670 334
van 425 168 451 204
car 396 100 424 131
car 191 475 233 502
car 309 460 347 484
truck 390 435 432 459
truck 471 446 509 468
van 701 258 741 285
van 716 293 748 310
car 793 280 831 299
motor 802 256 817 269
car 1125 241 1163 261
car 851 472 887 501
van 862 499 896 531
car 885 442 919 473
car 897 463 933 497
van 919 410 952 440
van 1260 221 1299 244
car 936 460 968 495
others 997 422 1038 456
awning-tricycle 988 111 1007 135
car 35 151 68 179
awning-tricycle 776 568 808 586
pedestrian 94 466 108 477
