car 1049 315 1084 346
van 1131 529 1161 547
van 1110 504 1142 526
van 1160 434 1184 467
car 1177 485 1202 518
car 150 441 188 464
car 250 359 285 385
car 1 450 32 487
car 1130 123 1165 146
truck 1271 76 1312 103
truck 944 100 971 130
van 976 167 1009 184
car 388 153 414 195
car 335 140 362 177
van 321 98 347 139
van 369 99 393 132
car 428 116 459 157
car 10 543 52 574
car 103 505 144 534
bus 955 213 1041 237
van 784 115 818 146
ignored-regions 1174 49 1194 64
van 16 507 55 539
awning-tricycle 455 54 470 71
awning-tricycle 553 574 573 601
motor 931 235 943 248
motor 421 199 440 228
motor 1072 149 1086 163
pedestrian 1047 152 1065 162
pedestrian 1047 158 1066 168
motor 730 571 744 594
motor 355 483 369 494
pedestrian 608 512 622 526
motor 437 127 452 152
motor 448 107 459 123
pedestrian 381 247 394 260
motor 1017 235 1040 249
van 524 319 559 348
car 602 320 634 342
van 433 188 459 226
car 404 121 432 152
car 215 467 257 494
car 335 450 372 474
truck 415 432 456 453
truck 498 455 533 479
van 665 267 709 296
van 691 299 723 316
car 773 283 812 301
motor 767 259 780 272
car 1074 250 1109 269
car 851 471 887 500
van 862 499 896 531
car 886 441 919 472
car 898 463 934 497
van 920 410 953 439
van 1218 239 1252 259
car 966 430 996 465
others 1021 400 1062 434
awning-tricycle 988 111 1007 135
car 35 151 68 179
awning-tricycle 808 567 840 585
pedestrian 90 469 104 480
