car 1023 334 1056 365
van 1132 529 1162 547
van 1110 504 1142 526
van 1160 434 1184 467
car 1178 483 1203 516
car 147 440 183 465
car 250 359 285 385
car 1 450 32 487
car 1130 123 1165 146
truck 1271 76 1312 103
truck 944 100 971 130
van 977 167 1010 184
car 388 153 414 195
car 335 140 362 177
van 322 98 347 138
van 369 99 393 131
car 428 117 459 156
car 39 530 83 561
car 133 498 170 524
bus 956 211 1042 235
van 785 115 819 146
ignored-regions 1174 49 1194 64
awning-tricycle 450 31 465 48
awning-tricycle 572 609 588 629
motor 913 225 926 238
motor 422 199 441 228
motor 1073 151 1087 165
pedestrian 1053 154 1071 164
pedestrian 1055 159 1074 169
motor 722 597 736 621
motor 336 488 350 499
pedestrian 610 492 624 506
motor 434 118 449 143
motor 455 128 466 144
pedestrian 382 253 396 267
motor 995 235 1017 248
motor 1304 165 1327 178
van 478 339 513 367
car 561 331 593 353
van 438 205 463 246
car 417 145 445 176
car 239 457 281 484
car 361 442 397 466
truck 440 433 481 452
truck 524 469 559 494
van 631 279 675 307
van 664 306 696 323
car 748 287 787 306
motor 729 265 745 278
car 1025 257 1061 274
car 851 471 887 500
van 862 498 897 529
car 886 441 919 471
car 898 463 934 497
van 922 410 955 439
van 1175 256 1209 282
car 995 400 1025 436
others 1047 377 1088 411
awning-tricycle 989 111 1008 135
car 35 151 69 179
awning-tricycle 840 563 872 580
pedestrian 86 473 100 484
