car 999 349 1032 380
van 1132 529 1162 547
van 1110 503 1142 526
van 1160 433 1185 466
car 1179 481 1205 514
car 149 440 184 466
car 250 359 285 385
car 1 450 32 487
car 1130 123 1165 146
truck 1271 76 1312 103
truck 944 99 971 129
van 977 167 1010 184
car 388 153 414 195
car 335 140 362 177
van 322 98 347 138
van 369 99 393 131
car 428 117 459 155
car 73 523 110 550
car 159 489 196 518
bus 956 211 1042 235
van 785 115 819 146
ignored-regions 1174 49 1194 64
awning-tricycle 443 8 457 25
awning-tricycle 593 645 609 665
motor 893 219 906 232
motor 422 199 441 228
motor 1075 153 1089 167
pedestrian 1059 155 1077 165
pedestrian 1063 160 1082 170
motor 717 627 731 651
motor 318 494 332 505
pedestrian 612 473 626 487
motor 432 110 447 135
motor 459 145 470 160
pedestrian 384 260 397 273
motor 973 234 994 247
motor 1289 171 1312 184
van 425 360 459 388
car 519 344 551 366
van 442 227 463 261
car 423 167 451 199
car 256 453 298 480
car 387 435 423 458
truck 468 436 508 457
truck 553 486 587 514
van 593 293 631 321
van 638 313 669 330
car 721 292 758 313
motor 694 274 710 287
car 969 265 1006 282
car 851 471 887 500
van 862 498 897 531
car 886 441 919 471
car 900 463 936 496
van 923 409 954 438
van 1132 278 1166 304
car 1019 372 1054 406
others 1075 355 1116 389
awning-tricycle 989 110 1008 134
car 35 151 69 179
awning-tricycle 867 552 899 571
pedestrian 82 476 96 488
