car 981 362 1014 393
van 1132 528 1162 547
van 1110 503 1142 526
van 1159 433 1185 465
car 1181 479 1208 512
car 151 440 186 468
car 250 359 285 385
car 1 450 32 487
car 1130 123 1165 146
truck 1271 76 1312 103
truck 944 99 971 129
van 977 167 1010 184
car 388 153 414 195
car 335 140 362 177
van 322 98 348 138
van 369 99 393 131
car 429 117 459 154
car 100 513 142 540
car 183 477 223 504
bus 957 212 1042 235
van 785 115 819 146
ignored-regions 1175 48 1195 63
awning-tricycle 607 685 623 704
motor 876 213 889 224
motor 423 199 442 228
motor 1076 156 1091 170
pedestrian 1064 157 1082 167
pedestrian 1070 161 1089 171
motor 712 661 726 684
motor 300 500 314 511
pedestrian 615 456 629 470
motor 429 102 444 127
motor 463 160 474 174
pedestrian 386 266 399 280
motor 951 233 972 246
motor 1275 176 1298 190
van 372 383 405 410
car 475 358 507 380
van 447 246 465 281
car 430 188 460 221
car 35 558 69 584
car 270 449 312 476
car 411 428 451 450
truck 498 444 537 471
truck 582 507 616 535
van 556 308 591 336
van 610 323 641 340
car 690 300 727 321
motor 653 283 669 297
car 910 270 946 289
car 851 472 887 501
van 862 498 898 531
car 887 443 920 473
car 901 463 937 496
van 926 411 957 440
van 1093 297 1126 326
car 1049 353 1084 385
others 1103 335 1144 369
awning-tricycle 989 110 1008 134
car 35 151 69 179
awning-tricycle 894 541 924 560
pedestrian 78 478 92 490
