car 971 370 1003 401
van 1131 528 1161 548
van 1110 503 1142 526
van 1158 432 1186 464
car 1181 478 1209 511
car 151 439 186 467
car 250 359 285 385
car 1 450 32 486
car 1130 123 1165 146
truck 1271 76 1312 103
truck 944 99 971 129
van 977 167 1010 184
car 388 153 414 195
car 335 140 362 177
van 322 98 348 138
van 369 99 393 131
car 429 117 459 153
car 125 501 170 529
car 203 471 242 499
bus 957 213 1042 235
van 785 115 819 146
ignored-regions 1175 48 1195 63
awning-tricycle 623 722 637 748
motor 867 210 880 221
motor 424 199 443 228
motor 1078 158 1093 173
pedestrian 1070 160 1087 169
pedestrian 1077 164 1095 173
motor 708 697 722 719
motor 281 506 295 517
pedestrian 619 439 633 453
motor 426 94 441 119
motor 466 175 477 189
pedestrian 387 273 401 287
motor 938 229 958 243
motor 1260 182 1283 196
van 314 406 349 433
car 428 370 460 392
van 444 266 461 300
car 439 206 465 238
car 88 542 123 567
car 282 444 324 471
car 439 427 481 449
truck 528 457 567 486
truck 614 527 648 554
van 514 328 557 355
van 579 332 610 349
car 656 309 693 330
motor 618 298 634 312
car 844 274 879 292
car 851 472 887 501
van 862 498 898 531
car 887 444 920 473
car 901 464 937 496
van 924 411 956 440
van 1059 323 1092 352
car 1075 335 1112 369
others 1130 315 1171 349
awning-tricycle 989 110 1008 134
car 35 151 69 179
awning-tricycle 920 521 949 549
pedestrian 73 479 87 491
