car 963 376 998 406
van 1131 527 1161 548
van 1110 502 1143 525
van 1157 432 1186 464
car 1182 476 1203 510
car 150 439 186 467
car 250 359 285 385
car 1 449 30 486
car 1130 122 1165 146
truck 1270 75 1311 102
van 943 98 971 129
van 977 166 1011 184
car 389 153 414 194
car 334 140 361 176
car 323 98 348 138
car 369 98 393 131
car 430 117 459 153
van 152 492 191 522
car 219 468 257 493
bus 957 213 1042 235
car 785 115 819 146
motor 453 173 466 195
ignored-regions 1175 47 1195 62
motor 851 207 866 218
motor 424 199 443 228
motor 1079 161 1095 175
pedestrian 1076 163 1093 172
pedestrian 1084 167 1100 176
motor 262 512 276 523
pedestrian 622 422 636 436
motor 423 86 439 111
motor 467 183 478 197
pedestrian 389 279 403 293
motor 929 224 949 238
motor 1246 189 1268 203
van 254 425 291 454
car 383 387 414 410
car 437 283 458 320
van 446 224 468 256
car 140 527 178 550
car 293 442 334 468
car 469 430 509 451
truck 564 471 604 503
truck 649 548 682 572
car 474 345 511 371
van 548 339 580 360
car 621 318 659 341
motor 584 307 600 320
car 778 282 816 302
car 850 473 886 502
van 862 500 898 531
car 887 444 919 474
car 900 465 933 496
van 922 411 954 440
van 1030 353 1061 382
car 1102 318 1137 348
others 1157 297 1199 331
awning-tricycle 990 109 1009 133
motor 709 736 719 753
car 34 151 70 180
awning-tricycle 940 500 970 530
pedestrian 69 481 83 493
