car 961 378 995 407
van 1131 527 1161 548
van 1110 502 1143 525
van 1157 432 1182 468
car 1182 473 1204 509
car 150 439 186 467
car 250 359 285 385
car 2 450 31 486
car 1130 122 1164 146
truck 1270 75 1311 102
van 943 98 971 129
van 977 166 1011 184
car 388 153 413 194
car 334 140 361 176
car 323 98 348 138
car 368 98 392 131
car 431 117 459 155
van 171 485 210 515
car 231 464 271 489
bus 957 213 1042 235
car 784 115 819 146
motor 453 173 466 195
ignored-regions 1175 47 1195 62
motor 849 206 864 217
motor 425 199 444 228
motor 1081 163 1097 178
pedestrian 1082 166 1098 175
pedestrian 1091 170 1106 179
motor 243 518 257 529
pedestrian 625 405 639 419
motor 420 78 436 103
motor 468 188 480 202
pedestrian 391 286 405 300
motor 921 219 941 233
motor 1232 197 1252 211
van 199 447 234 476
car 334 402 365 427
car 432 300 454 338
van 451 239 469 274
car 193 509 230 534
car 303 440 342 465
car 500 438 538 467
truck 598 491 640 525
truck 683 559 716 583
car 429 363 470 389
van 519 350 549 370
car 588 326 627 351
motor 553 319 568 332
car 715 293 752 315
car 849 473 885 503
van 862 500 898 531
car 886 443 917 473
car 900 465 933 496
van 922 411 954 440
van 1002 381 1036 409
car 1133 296 1172 326
others 1186 284 1232 314
awning-tricycle 990 109 1009 133
car 34 151 70 180
awning-tricycle 963 482 992 511
pedestrian 63 483 78 495
