car 960 377 995 406
van 1131 527 1161 547
van 1110 501 1144 525
van 1158 431 1183 468
car 1180 473 1206 507
car 150 439 186 467
car 250 359 285 386
car 2 450 31 486
car 1129 121 1163 146
truck 1270 74 1311 102
van 943 98 972 129
van 976 165 1012 184
car 388 153 413 194
car 334 140 361 176
car 323 98 348 138
car 368 98 392 131
car 431 117 459 156
van 183 482 222 512
car 236 462 276 487
bus 956 213 1042 236
car 783 115 818 145
motor 453 173 466 195
ignored-regions 1176 47 1196 62
motor 849 206 864 217
motor 426 199 445 228
motor 296 427 314 442
motor 1083 166 1099 181
pedestrian 1088 169 1104 178
pedestrian 1099 173 1112 182
motor 819 495 838 509
motor 225 524 239 535
pedestrian 629 389 643 403
motor 418 70 434 95
motor 470 192 481 206
pedestrian 393 293 407 307
motor 913 214 933 228
motor 1218 206 1237 220
van 142 469 178 497
car 287 421 319 444
car 420 315 446 352
van 451 256 468 289
car 244 494 280 517
car 308 438 347 463
car 532 454 570 483
truck 633 508 675 542
truck 719 568 751 590
car 387 377 425 407
van 487 362 516 381
car 553 337 592 362
motor 522 333 537 346
car 655 307 691 330
car 848 474 883 504
van 862 500 898 531
car 886 443 917 473
car 900 465 933 496
van 922 411 955 440
van 983 402 1016 429
car 1168 273 1208 302
others 1219 269 1264 300
awning-tricycle 990 108 1009 133
car 34 151 71 180
awning-tricycle 982 459 1013 489
pedestrian 57 485 73 497
