car 960 377 995 406
van 1132 526 1161 546
van 1110 501 1144 525
van 1159 431 1184 467
car 1181 472 1207 506
car 150 439 186 467
car 250 359 285 386
car 2 450 31 486
car 1129 120 1162 146
truck 1269 73 1311 102
van 943 98 972 129
van 975 165 1013 185
car 387 153 412 194
car 334 140 361 176
car 323 98 348 138
car 368 98 392 131
car 431 118 459 157
van 189 478 228 508
car 241 461 280 485
bus 955 213 1042 237
car 782 114 817 145
motor 453 173 466 195
van 83 490 119 518
car 238 439 270 460
car 410 330 437 366
van 444 271 465 305
car 298 479 334 502
car 313 436 352 461
car 567 474 604 504
truck 670 524 710 554
truck 756 572 787 591
car 342 396 382 423
van 454 372 486 392
car 520 348 559 373
motor 492 341 507 354
car 610 321 647 344
car 847 475 882 505
van 863 500 898 530
car 885 443 916 473
car 900 465 933 496
van 922 411 955 439
van 965 415 998 442
car 1214 243 1254 272
others 1250 252 1295 283
awning-tricycle 990 108 1009 132
car 34 151 71 180
awning-tricycle 1001 436 1029 464
pedestrian 52 487 67 499
