car 28 291 95 355
car 28 228 105 286
car 1319 868 1392 913
car 998 708 1051 773
car 909 901 974 972
car 833 877 898 954
car 1180 233 1238 301
motor 736 881 759 906
bicycle 844 356 875 375
motor 699 915 718 938
pedestrian 736 703 754 718
motor 777 340 807 364
pedestrian 1206 702 1229 729
pedestrian 1218 554 1233 569
pedestrian 659 803 674 821
car 552 610 628 652
car 589 571 661 620
car 607 530 679 578
car 449 573 523 621
car 504 545 576 589
car 515 493 589 542
car 373 546 444 587
van 406 509 482 557
car 429 463 493 507
car 281 516 359 564
car 315 477 390 528
car 346 437 418 485
car 1327 702 1404 749
car 1337 659 1405 708
car 1339 606 1407 648
car 1378 571 1454 618
car 1397 733 1462 772
car 1449 695 1525 745
car 1535 674 1614 724
car 1488 611 1565 660
car 1470 755 1543 802
car 1556 788 1632 835
car 1639 812 1719 861
car 1724 838 1800 888
car 144 377 222 419
car 21 358 99 398
car 171 483 249 534
car 92 448 170 500
car 170 281 243 327
car 280 312 363 365
van 90 279 165 325
bus 919 623 963 780
car 1659 962 1735 1017
truck 1128 404 1183 470
truck 670 955 781 1066
car 1338 73 1388 138
car 1186 738 1255 807
car 1125 637 1172 711
bus 877 349 1036 438
car 1406 7 1467 71
car 1053 422 1107 495
car 1089 304 1144 370
van 1807 865 1899 917
car 53 394 100 464
car 0 416 54 462
