car 960 377 995 406
van 1132 526 1161 546
van 1108 501 1144 524
van 1160 431 1186 466
car 1182 472 1208 506
car 149 440 186 467
car 250 359 284 386
car 2 450 31 486
car 1129 120 1162 147
truck 1269 72 1311 102
van 943 98 973 129
van 975 164 1013 185
car 387 153 412 194
car 334 140 360 176
car 323 98 348 138
car 368 98 392 131
car 431 117 459 156
van 193 476 231 505
car 241 461 280 485
bus 955 213 1042 237
car 781 114 816 144
motor 453 173 466 195
van 22 515 59 544
car 189 457 220 480
car 402 343 428 376
van 438 287 459 321
car 344 472 383 494
car 317 436 356 461
car 603 497 640 527
truck 707 534 747 563
truck 793 572 824 591
car 299 410 336 438
van 417 384 448 405
car 488 356 524 383
motor 464 351 479 364
car 571 332 607 358
car 846 476 881 506
van 863 500 898 530
car 885 444 916 474
car 900 465 932 496
van 922 411 956 439
van 951 426 984 453
car 1266 218 1307 245
others 1284 240 1328 267
awning-tricycle 990 107 1009 132
car 33 151 71 180
awning-tricycle 1022 411 1055 443
pedestrian 46 489 62 502
