car 960 377 995 406
van 1133 526 1162 546
van 1108 498 1144 523
van 1159 431 1185 466
car 1181 470 1210 502
car 149 440 187 467
car 250 359 284 385
car 1 451 30 486
car 1130 118 1163 143
truck 1269 71 1311 102
van 943 98 973 129
van 974 164 1014 185
car 387 153 412 194
car 334 140 360 176
car 323 98 348 138
car 368 98 392 131
car 431 116 463 153
van 194 476 232 505
car 241 461 280 485
bus 957 213 1042 236
car 781 114 816 144
motor 452 173 465 195
car 139 472 168 499
car 385 353 416 385
van 426 303 454 335
car 391 474 426 492
car 315 435 355 460
car 640 516 677 547
truck 742 546 784 571
truck 832 560 863 584
car 252 427 289 456
van 382 395 412 417
car 455 368 490 396
motor 439 358 454 373
car 534 342 569 371
car 845 477 879 507
van 863 500 898 530
car 884 444 915 474
car 900 465 932 496
van 922 411 956 439
van 943 431 975 458
awning-tricycle 990 107 1009 132
car 33 151 71 180
awning-tricycle 1043 389 1075 421
pedestrian 40 491 57 504
