car 960 377 995 406
van 1133 526 1162 546
van 1108 498 1144 523
van 1159 431 1185 466
car 1179 468 1207 505
car 149 440 187 467
car 249 358 283 383
car 1 451 30 486
car 1130 118 1164 143
truck 1269 71 1311 102
van 943 97 974 129
van 973 163 1014 185
car 386 153 411 194
car 334 140 360 176
car 323 98 348 138
car 368 98 392 131
car 431 117 463 153
van 194 475 232 504
car 242 461 279 485
bus 957 213 1042 236
car 781 114 816 144
motor 452 173 465 195
car 91 490 120 515
car 370 365 403 395
van 421 315 445 347
car 437 479 474 503
car 315 433 355 459
car 679 532 717 561
truck 777 551 817 571
truck 868 537 901 565
car 203 445 241 471
van 344 405 376 428
car 424 376 462 403
motor 417 368 434 382
car 497 354 533 382
car 844 478 878 508
van 865 499 900 529
car 884 444 915 474
car 900 466 932 496
van 922 411 956 439
van 937 435 969 462
awning-tricycle 989 107 1008 132
car 32 151 70 180
awning-tricycle 1066 368 1095 396
pedestrian 34 493 52 506
