car 960 376 995 406
van 1133 526 1162 546
van 1108 498 1144 523
van 1159 431 1185 466
car 1179 469 1207 506
car 148 441 187 467
car 249 358 283 383
car 1 451 29 486
car 1129 118 1165 143
truck 1269 71 1311 102
van 943 97 974 129
van 973 161 1014 183
car 386 154 411 195
car 334 140 359 176
car 323 98 348 138
car 368 98 392 131
car 431 117 462 154
van 194 474 232 503
car 242 461 279 485
bus 957 213 1042 236
car 781 114 816 144
motor 452 173 465 195
car 39 512 69 535
car 349 376 385 405
van 414 330 438 362
car 481 498 519 525
car 315 433 355 459
car 715 544 752 571
truck 810 551 850 571
truck 904 513 937 541
car 153 464 191 490
van 309 419 341 442
car 390 387 428 414
motor 400 373 417 387
car 466 362 502 391
car 843 479 876 509
van 864 499 899 529
car 883 445 914 475
car 900 466 932 496
van 922 411 956 439
van 936 437 968 464
awning-tricycle 989 107 1008 132
car 32 151 70 180
awning-tricycle 1087 350 1118 377
pedestrian 28 495 47 508
