car 960 376 995 406
van 1133 526 1162 546
van 1108 498 1144 523
van 1159 431 1185 466
car 1180 471 1208 507
car 148 441 187 467
car 249 358 283 383
car 1 452 29 487
car 1129 118 1165 143
truck 1269 71 1311 102
van 943 97 975 129
van 973 161 1014 183
car 385 154 410 195
car 334 140 359 176
car 323 98 348 138
car 368 98 392 131
car 430 117 461 155
van 194 474 232 503
car 242 461 279 485
bus 957 213 1042 236
car 781 114 816 144
motor 452 173 465 195
car 330 384 366 413
van 404 343 431 374
car 521 526 558 556
car 315 433 355 459
car 756 553 794 577
truck 839 543 879 567
truck 942 480 974 507
car 106 480 144 506
van 270 431 302 454
car 355 399 393 425
motor 380 383 397 397
car 435 375 470 403
car 842 480 875 510
van 863 499 898 529
car 883 445 914 475
car 900 466 931 496
van 921 412 955 440
van 935 437 967 464
awning-tricycle 989 107 1008 132
car 31 152 69 180
awning-tricycle 1113 331 1144 358
pedestrian 23 497 42 511
