car 959 376 994 406
van 1133 526 1162 546
van 1108 498 1144 523
van 1159 431 1185 466
car 1181 473 1209 509
car 148 441 187 467
car 249 358 283 383
car 1 452 28 487
car 1129 118 1165 143
truck 1269 71 1311 102
van 943 97 975 129
van 973 161 1014 183
car 385 154 410 195
car 334 140 359 176
car 323 98 348 138
car 368 98 392 131
car 430 117 460 156
van 192 474 230 503
car 242 461 278 485
bus 957 213 1042 236
car 781 114 816 144
motor 451 173 464 195
car 306 390 342 420
van 393 354 420 385
car 551 566 584 600
car 314 433 354 459
car 794 555 831 577
truck 867 529 907 556
truck 980 445 1012 472
car 55 499 93 525
van 233 444 265 467
car 314 412 352 438
motor 358 391 375 405
car 402 385 438 414
car 841 480 873 511
van 863 499 897 529
car 882 445 913 475
car 900 466 931 496
van 920 412 954 440
van 935 437 967 464
awning-tricycle 989 107 1008 132
car 31 152 69 180
awning-tricycle 1138 313 1169 340
pedestrian 17 499 36 513
