car 959 376 993 406
van 1133 526 1162 546
van 1108 498 1144 523
van 1159 431 1185 466
car 1182 477 1210 513
car 148 442 188 468
car 249 358 283 383
car 0 452 28 487
car 1129 118 1165 144
truck 1269 71 1311 102
van 943 97 976 129
van 973 161 1014 183
car 385 154 410 195
car 334 140 359 176
car 323 98 348 138
car 368 98 392 131
car 429 116 459 156
van 191 474 229 503
car 242 461 278 485
bus 957 213 1042 236
car 781 114 816 144
motor 451 173 464 195
car 287 399 322 424
van 379 363 410 393
car 580 613 607 649
car 314 433 354 459
car 828 553 865 575
truck 892 513 931 542
truck 1020 406 1051 436
car 5 520 45 547
van 197 457 229 480
car 275 427 313 453
motor 341 398 358 412
car 371 396 406 421
car 840 481 872 512
van 862 500 896 530
car 882 445 913 475
car 900 466 931 496
van 920 413 954 441
van 935 438 967 465
awning-tricycle 989 107 1008 132
car 30 152 68 180
awning-tricycle 1165 296 1196 323
pedestrian 12 501 30 515
