car 959 376 992 406
van 1298 194 1340 220
van 1133 526 1162 546
van 1108 498 1144 523
van 1159 431 1185 466
car 1182 478 1210 514
car 148 442 188 468
car 248 358 282 383
car 0 452 27 487
car 1129 118 1165 144
truck 1269 71 1311 102
van 943 97 976 129
van 973 161 1014 183
car 384 154 409 195
car 334 140 358 176
car 323 98 348 138
car 368 98 392 131
car 428 116 458 152
van 191 474 229 503
car 242 461 278 485
bus 957 213 1042 236
car 781 114 816 144
motor 451 173 464 195
car 266 406 300 433
van 367 368 398 398
car 602 666 631 701
car 314 433 354 459
car 860 537 895 565
truck 916 492 951 522
truck 1061 374 1092 404
van 159 472 187 492
car 237 437 275 465
motor 319 407 336 421
car 343 404 379 431
car 835 487 867 518
van 861 500 895 530
car 875 451 907 482
car 900 466 931 496
van 919 413 953 441
van 935 438 967 465
awning-tricycle 989 107 1008 133
car 30 152 68 180
awning-tricycle 1192 283 1224 310
pedestrian 7 503 24 517
