car 958 376 992 406
van 1243 214 1287 241
van 1133 526 1162 546
van 1108 498 1144 523
van 1159 431 1185 466
car 1182 478 1210 514
car 147 442 187 469
car 248 358 282 383
car 0 453 27 488
car 1129 118 1165 144
truck 1269 71 1311 102
van 943 97 976 129
van 973 161 1014 183
car 384 155 409 196
car 334 140 358 176
car 323 98 348 138
car 368 98 392 131
car 428 116 457 153
van 192 475 230 504
car 242 461 281 483
bus 957 213 1042 236
car 781 114 816 144
motor 451 173 464 195
car 249 413 283 441
van 355 377 387 406
car 621 719 650 754
car 314 433 354 459
car 888 513 922 544
truck 947 465 980 496
truck 1101 342 1131 372
van 124 479 155 504
car 203 450 239 478
motor 296 413 313 427
car 316 413 350 442
car 832 490 863 521
van 861 500 894 530
car 869 456 900 487
car 900 467 931 496
van 914 419 948 447
van 934 439 966 466
awning-tricycle 989 107 1008 133
car 29 153 67 180
awning-tricycle 1223 267 1254 296
pedestrian 2 506 19 520
