car 958 376 991 406
van 1188 236 1233 268
van 1133 526 1162 546
van 1108 498 1144 523
van 1159 431 1184 466
car 1183 479 1210 514
car 146 442 187 469
car 248 358 282 383
car 0 453 27 488
car 1129 118 1165 145
truck 1269 71 1311 102
van 943 97 976 129
van 973 161 1014 183
car 383 155 408 196
car 333 140 358 176
car 323 98 348 138
car 367 98 391 131
car 428 116 457 154
van 193 476 231 505
car 243 460 284 483
bus 957 213 1042 236
car 781 114 816 144
motor 451 173 464 195
car 233 418 266 447
van 339 381 370 408
car 314 433 354 459
car 912 491 946 525
truck 975 436 1008 467
truck 1139 317 1170 347
van 87 494 120 520
car 171 459 205 489
motor 278 418 295 433
car 282 426 316 454
car 829 492 860 522
van 858 503 891 534
car 860 460 891 491
car 900 467 931 496
van 900 430 934 458
van 931 442 963 471
awning-tricycle 989 107 1008 133
car 29 153 67 180
awning-tricycle 1249 255 1284 281
