car 27 291 95 355
car 27 228 104 286
car 1428 887 1503 937
car 1038 635 1091 700
car 949 872 1022 938
car 852 846 917 923
car 1142 288 1200 358
motor 704 951 727 981
bicycle 813 344 844 363
motor 683 951 702 977
pedestrian 749 674 767 689
motor 709 311 740 335
pedestrian 1204 703 1227 730
pedestrian 1223 537 1238 552
pedestrian 659 802 674 821
car 552 610 627 652
car 589 571 660 620
car 606 530 679 578
car 448 573 523 622
car 503 545 575 589
car 514 493 588 542
car 373 545 444 586
van 405 509 481 557
car 428 463 492 506
car 281 516 359 563
car 314 477 389 528
car 346 437 418 485
car 1327 701 1404 748
car 1334 657 1402 706
car 1339 605 1407 647
car 1378 570 1454 617
car 1397 732 1462 771
car 1441 690 1517 740
car 1516 666 1595 715
car 1488 609 1565 659
car 1469 755 1542 802
car 1556 787 1632 834
car 1638 811 1719 860
car 1724 836 1800 886
car 178 387 255 430
car 57 363 135 403
car 171 483 249 534
car 91 448 169 500
car 165 279 238 325
car 279 312 362 365
van 90 279 165 325
bus 896 582 959 739
car 1830 1022 1891 1068
truck 1159 354 1214 420
truck 675 1018 740 1066
car 1370 22 1419 86
car 1236 769 1312 825
car 1137 675 1191 749
bus 819 367 978 435
car 1432 0 1493 26
car 1030 457 1083 531
car 1050 357 1106 422
van 1806 864 1898 916
car 53 394 100 464
car 0 416 54 462
