car 955 380 988 411
van 1137 267 1184 299
van 1133 526 1162 546
van 1108 498 1144 523
van 1159 431 1184 466
car 1183 479 1211 515
car 146 442 187 470
car 248 358 282 383
car 0 453 26 488
car 1129 118 1165 145
truck 1269 71 1311 102
van 943 97 976 129
van 973 161 1014 183
car 383 155 408 196
car 333 140 357 176
car 323 98 348 138
car 367 98 391 131
car 427 116 456 155
van 194 476 232 505
car 245 459 287 484
bus 957 213 1042 236
car 781 114 816 144
motor 450 172 463 194
car 212 431 244 460
van 321 390 352 416
car 314 433 354 459
car 936 470 970 502
truck 1004 405 1037 436
truck 1179 295 1210 324
van 51 508 84 532
car 140 472 174 501
motor 263 425 280 440
car 250 437 283 464
car 825 497 856 527
van 851 515 884 546
car 859 464 890 495
car 894 470 927 501
van 894 436 928 464
van 931 442 963 471
awning-tricycle 989 107 1008 133
car 28 153 66 180
awning-tricycle 1279 241 1314 267
