car 944 388 976 419
van 1089 300 1131 331
van 1133 526 1162 546
van 1108 498 1144 523
van 1159 431 1184 466
car 1184 480 1211 515
car 146 443 187 471
car 248 358 282 383
car 0 453 26 488
car 1129 118 1165 145
truck 1269 71 1311 102
van 943 97 976 129
van 973 162 1014 184
car 383 155 408 196
car 333 140 357 176
car 323 99 347 138
car 367 98 391 131
car 427 116 455 157
van 196 477 234 506
car 247 458 289 485
car 409 1 426 20
bus 957 213 1042 236
car 781 114 816 144
motor 450 172 463 194
car 197 440 230 468
van 302 401 333 426
car 321 432 361 459
car 963 445 996 477
truck 1038 376 1071 407
truck 1217 272 1249 301
van 12 524 44 550
car 110 482 146 511
motor 245 429 262 444
car 230 446 263 473
car 813 509 844 539
van 834 536 867 569
car 855 467 886 498
car 891 474 924 505
van 892 437 926 465
van 928 443 960 472
awning-tricycle 989 107 1008 133
car 28 153 66 180
awning-tricycle 1308 230 1339 255
