car 932 399 964 430
van 1044 332 1087 364
van 1133 526 1162 546
van 1108 498 1144 523
van 1159 431 1184 466
car 1184 480 1211 515
car 146 443 187 471
car 248 358 282 383
car 0 454 26 488
car 1129 118 1165 145
truck 1269 71 1311 102
van 943 97 976 129
van 973 162 1014 184
car 382 155 407 196
car 333 140 357 176
car 323 99 347 138
car 367 98 391 131
car 426 116 454 158
van 198 475 235 504
car 252 456 294 484
car 422 29 438 54
bus 957 213 1042 236
car 781 114 816 144
motor 450 172 463 194
car 173 451 209 481
van 280 410 311 440
car 334 427 376 455
car 993 420 1024 452
truck 1076 348 1110 377
truck 1254 255 1286 284
car 73 498 116 525
motor 231 436 248 451
car 211 453 245 480
car 795 526 826 556
van 819 563 850 597
car 842 480 873 511
car 879 484 912 515
van 888 441 922 470
van 923 449 955 480
awning-tricycle 988 108 1007 134
car 28 154 66 181
