car 922 406 954 437
van 1008 362 1051 394
van 1133 526 1162 546
van 1108 498 1144 523
van 1158 431 1184 466
car 1183 481 1210 516
car 145 444 186 472
car 247 358 281 384
car 0 454 26 488
car 1129 119 1165 146
truck 1269 71 1311 102
van 943 97 976 129
van 973 162 1014 184
car 382 155 407 196
car 333 140 357 176
car 323 99 347 138
car 367 98 391 131
car 426 117 454 159
van 204 473 239 504
car 263 452 306 478
car 433 55 450 82
bus 957 213 1042 236
car 781 114 816 144
motor 450 172 463 194
car 143 463 177 490
van 259 420 290 447
car 354 420 396 447
car 1023 393 1055 424
truck 1114 315 1155 349
truck 1292 241 1325 260
car 39 510 75 538
motor 215 441 230 456
car 193 457 227 486
car 773 547 804 577
van 799 599 829 635
car 821 498 852 529
car 866 496 899 527
van 877 448 911 477
van 911 460 943 491
awning-tricycle 988 108 1007 134
car 28 154 66 181
