car 915 415 947 446
van 979 393 1017 424
van 1133 526 1162 546
van 1108 499 1144 523
van 1158 431 1184 466
car 1182 479 1209 514
car 144 444 185 472
car 247 358 281 384
car 0 454 26 488
car 1129 119 1165 146
truck 1269 71 1311 102
van 943 97 976 129
van 973 162 1014 184
car 382 155 407 196
car 333 140 356 176
car 323 99 347 138
car 367 98 391 131
car 426 116 454 158
van 210 470 252 498
car 285 444 327 472
car 441 83 457 103
bus 957 213 1042 236
car 781 114 816 144
motor 450 171 463 193
car 118 472 152 500
van 241 429 274 456
car 378 408 421 436
car 1058 368 1092 398
truck 1158 287 1203 321
car 2 527 39 554
motor 199 448 214 462
car 165 467 200 494
car 754 573 785 603
van 781 649 810 685
car 803 519 834 550
car 846 514 879 545
van 866 458 900 489
van 898 473 928 501
awning-tricycle 988 108 1007 134
car 28 154 66 181
