car 906 425 938 455
van 948 421 983 453
van 1133 526 1162 546
van 1108 499 1144 523
van 1158 431 1184 466
car 1182 479 1209 513
car 144 442 185 470
car 247 358 281 384
car 0 454 26 488
car 1129 119 1165 146
truck 1269 71 1311 102
van 943 97 976 129
van 973 162 1014 184
car 382 155 407 196
car 333 140 356 176
car 323 99 347 138
car 367 98 391 131
car 426 116 454 158
van 225 465 264 494
car 309 437 350 464
car 451 104 468 128
bus 957 213 1042 236
car 781 114 816 144
motor 450 171 463 193
car 89 481 123 510
van 229 432 260 462
car 406 392 448 422
car 1093 339 1128 368
truck 1210 262 1254 294
motor 181 458 196 472
car 133 482 167 510
car 729 604 759 635
van 756 704 784 741
car 778 544 809 574
car 825 536 857 567
van 851 473 883 503
van 879 494 909 522
awning-tricycle 988 108 1007 134
car 28 154 66 181
