car 898 433 930 463
van 920 450 954 481
van 1133 526 1162 546
van 1108 499 1144 523
van 1158 431 1184 466
car 1182 479 1209 513
car 142 444 183 472
car 247 358 281 384
car 0 454 26 488
car 1129 119 1165 146
truck 1269 71 1311 102
van 943 97 976 129
van 973 162 1014 184
car 383 155 408 196
car 333 140 356 176
car 323 99 347 138
car 367 98 391 131
car 426 116 454 159
van 244 458 289 487
car 338 428 379 454
car 455 124 471 144
bus 957 213 1042 236
car 781 114 816 144
motor 450 171 463 193
car 54 495 89 525
van 210 442 241 472
car 436 372 477 404
car 1132 315 1168 344
truck 1264 241 1308 273
motor 155 469 170 483
car 92 499 128 527
car 709 640 739 673
car 752 577 783 607
car 805 562 836 595
van 830 496 862 526
van 864 512 894 542
awning-tricycle 988 108 1007 134
car 28 154 66 181
