car 882 446 915 475
van 892 476 929 507
van 1133 526 1162 546
van 1108 499 1144 523
van 1158 431 1184 466
car 1182 479 1210 513
car 848 699 875 735
car 142 445 183 473
car 247 358 281 384
car 0 454 26 487
car 1129 119 1165 146
truck 1269 71 1311 102
van 943 97 976 129
van 973 162 1014 184
car 383 155 408 196
car 333 140 355 176
car 323 99 347 138
car 367 98 391 131
car 426 117 454 160
van 276 449 313 479
car 369 414 410 440
car 461 140 478 162
bus 957 213 1042 236
car 781 114 816 144
motor 449 171 462 193
car 20 506 58 535
van 189 454 223 483
car 460 344 494 379
car 1175 291 1210 319
motor 130 477 147 491
car 45 520 80 550
car 693 683 720 715
car 725 609 755 641
car 786 592 816 625
van 800 521 831 551
van 839 533 869 563
awning-tricycle 987 108 1006 134
car 29 155 66 181
