car 872 459 904 488
van 865 499 900 530
van 1133 526 1162 546
van 1108 499 1144 523
van 1158 431 1183 466
car 1182 479 1210 514
car 860 652 888 686
car 144 443 185 471
car 247 358 281 384
car 0 454 26 487
car 1129 119 1165 146
truck 1269 71 1311 102
van 943 97 976 129
van 973 162 1014 184
car 384 155 409 196
car 333 140 355 176
car 323 99 347 138
car 367 98 391 131
car 426 117 454 160
van 310 436 344 464
car 404 395 441 425
car 466 149 483 169
bus 957 213 1042 236
car 781 114 816 144
motor 449 171 462 193
car 0 519 24 549
van 164 468 196 495
car 480 311 512 348
car 1218 270 1255 298
motor 101 489 116 503
car 0 546 24 572
car 682 725 706 754
car 706 644 736 676
car 766 622 797 655
van 776 548 807 579
van 819 559 850 589
awning-tricycle 987 108 1006 134
car 29 155 66 181
