car 853 473 885 503
van 842 525 874 557
van 1133 526 1162 546
van 1108 499 1144 523
van 1158 431 1183 466
car 1182 479 1210 515
car 880 608 907 643
car 852 688 872 722
car 145 443 187 470
car 247 358 281 384
car 0 454 26 487
car 1129 119 1165 146
truck 1269 71 1311 102
van 943 97 976 129
van 973 163 1014 185
car 384 155 409 196
car 333 140 355 176
car 323 99 347 138
car 367 98 391 131
car 427 117 453 156
van 350 424 385 452
car 436 371 472 405
car 468 151 485 178
bus 957 213 1042 236
car 781 114 816 144
motor 449 171 462 194
van 135 480 164 505
car 497 273 523 313
car 1262 251 1300 280
motor 70 501 85 515
car 687 686 716 718
car 755 651 786 683
van 751 576 782 607
van 800 591 826 621
awning-tricycle 987 108 1006 134
car 29 155 66 181
