car 26 291 95 355
car 26 228 103 286
car 1547 919 1623 971
car 1080 560 1133 625
car 989 844 1070 904
car 879 798 944 875
car 848 971 910 1044
car 776 973 828 1035
car 1108 340 1166 410
motor 664 1025 687 1056
bicycle 785 333 816 352
motor 667 988 686 1015
pedestrian 761 647 778 663
motor 630 284 661 308
pedestrian 1202 705 1225 732
pedestrian 1230 521 1245 536
pedestrian 659 801 674 820
car 551 610 627 652
car 588 571 660 620
car 606 530 678 578
car 448 573 523 622
car 503 545 575 589
car 514 492 588 541
car 373 543 444 584
van 405 509 481 557
car 427 463 491 505
car 280 516 358 563
car 314 477 389 528
car 346 437 418 485
car 1327 700 1404 747
car 1334 657 1402 706
car 1339 605 1407 647
car 1378 569 1454 616
car 1397 731 1462 770
car 1438 689 1514 739
car 1499 658 1578 707
car 1487 608 1563 658
car 1467 755 1540 802
car 1556 786 1632 833
car 1638 811 1719 860
car 1724 834 1800 884
car 212 396 288 441
car 87 369 164 420
car 170 484 248 535
car 90 448 168 500
car 161 278 234 324
car 278 312 361 365
van 89 279 165 325
bus 868 541 954 697
truck 1193 303 1248 369
car 1397 0 1446 38
car 1302 798 1384 850
car 1158 710 1221 783
bus 754 367 914 430
car 1009 491 1062 565
car 1014 409 1069 474
van 1806 864 1898 916
car 53 394 100 465
car 0 416 53 462
