car 833 491 867 522
van 817 550 852 582
van 1133 526 1162 546
van 1108 499 1144 523
van 1158 431 1183 466
car 1182 479 1210 515
car 900 565 928 599
car 864 634 889 669
car 145 443 187 470
car 247 358 281 384
car 0 454 26 487
car 1129 119 1165 146
truck 1269 71 1311 102
van 943 97 976 129
van 973 163 1014 185
car 385 155 410 196
car 333 140 355 176
car 323 99 347 138
car 367 98 391 131
car 428 119 456 155
car 381 15 412 49
van 389 406 424 435
car 466 339 499 375
car 468 153 484 179
bus 957 213 1042 236
car 781 114 816 144
motor 449 172 462 194
van 100 491 132 517
car 505 237 524 278
car 1310 235 1343 264
motor 34 517 49 531
car 674 727 696 754
car 742 676 772 712
van 724 610 755 641
van 778 622 807 652
awning-tricycle 987 108 1006 134
car 29 155 66 181
