car 813 512 847 542
van 795 576 828 608
van 1133 526 1162 546
van 1108 499 1144 523
van 1158 431 1183 466
car 1182 479 1210 515
car 921 525 949 558
car 883 585 912 618
car 145 443 187 471
car 247 358 281 384
car 0 453 26 487
car 1129 119 1165 146
truck 1269 71 1311 102
van 943 97 976 129
van 973 163 1014 185
car 386 155 411 196
car 333 141 355 176
car 323 99 347 138
car 366 98 390 131
car 428 120 456 156
car 395 47 425 82
van 424 385 459 415
car 486 308 518 343
car 468 153 484 179
bus 957 213 1042 236
car 781 114 816 144
motor 449 172 462 195
van 62 507 94 534
car 502 198 519 239
car 728 707 757 741
van 705 647 737 677
van 762 652 792 681
awning-tricycle 986 108 1005 134
car 29 155 66 181
