car 788 541 822 571
van 773 606 806 639
van 1133 526 1162 546
van 1108 499 1144 523
van 1158 431 1183 466
car 1181 480 1209 515
car 944 485 974 519
car 907 540 935 575
car 145 444 187 472
car 248 358 281 385
car 0 453 26 489
car 1129 119 1165 146
truck 1269 71 1311 102
van 943 97 976 129
van 973 163 1014 185
car 386 155 411 196
car 333 141 355 176
car 323 99 347 138
car 366 98 390 131
car 428 120 456 156
car 403 66 431 101
van 457 356 491 387
car 504 270 531 307
car 468 153 484 179
bus 957 213 1042 236
awning-tricycle 1313 161 1341 188
car 781 114 816 144
motor 449 174 462 197
van 28 517 63 546
car 489 158 519 199
van 687 683 713 713
van 746 681 776 710
awning-tricycle 986 108 1005 134
car 29 155 66 181
