car 764 572 792 603
van 753 636 784 670
van 1133 526 1162 546
van 1108 499 1144 523
van 1158 431 1183 466
car 1181 480 1209 515
car 972 454 1003 486
car 928 505 959 538
car 145 444 187 472
car 248 360 281 387
car 0 453 26 489
car 1129 119 1165 146
truck 1269 71 1311 102
van 943 97 976 129
van 973 163 1014 185
car 387 155 412 196
car 333 141 355 176
car 323 99 347 138
car 366 98 390 131
car 428 120 456 157
car 408 76 434 110
car 381 4 411 37
van 485 322 516 358
car 510 229 532 265
car 468 153 484 179
bus 957 213 1042 236
awning-tricycle 1308 162 1339 188
car 781 114 816 144
motor 451 180 465 202
van 0 531 26 557
car 479 121 507 157
van 678 719 698 750
van 735 711 757 741
awning-tricycle 986 108 1005 134
car 30 156 66 181
