car 737 608 765 640
van 734 665 764 701
van 1133 526 1162 546
van 1108 499 1144 523
van 1158 431 1183 466
car 1181 480 1208 515
car 999 421 1030 453
car 959 468 990 501
car 145 444 187 472
car 248 362 281 389
car 0 453 26 489
car 1129 119 1165 146
truck 1269 71 1311 102
van 943 97 976 129
van 973 163 1014 185
car 387 155 412 196
car 333 141 356 176
car 323 99 347 138
car 365 98 390 132
car 428 120 456 157
car 409 81 435 115
car 391 21 418 56
van 504 287 530 322
car 505 185 528 224
car 468 153 484 179
bus 957 213 1042 236
awning-tricycle 1300 162 1331 188
car 781 114 816 144
motor 454 186 467 207
car 462 77 492 117
awning-tricycle 986 108 1005 134
car 30 156 66 181
