car 712 642 742 674
van 720 695 749 731
van 1133 526 1162 546
van 1108 499 1144 523
van 1158 431 1183 466
car 1181 480 1208 515
car 1025 395 1056 427
car 984 435 1015 466
car 145 444 187 472
car 248 363 282 389
car 0 453 26 489
car 1129 119 1165 146
truck 1269 71 1311 102
van 943 97 976 129
van 973 163 1014 185
car 388 155 413 196
car 333 141 356 176
car 323 99 347 138
car 365 98 390 132
car 428 120 456 157
car 410 82 436 116
car 392 29 419 64
van 511 246 539 283
car 490 142 520 181
car 468 153 484 179
bus 957 213 1042 236
awning-tricycle 1288 168 1319 195
car 781 114 816 144
motor 456 192 470 213
car 445 35 475 70
awning-tricycle 986 109 1005 134
car 30 156 66 181
