car 692 677 719 713
car 708 724 737 754
van 1132 526 1162 547
car 1108 500 1144 523
van 1157 430 1183 466
car 1180 480 1207 515
car 1052 367 1086 398
car 1012 406 1044 437
car 146 445 187 471
car 247 362 282 388
car 0 452 26 489
car 1128 120 1165 145
truck 1268 72 1310 102
car 942 98 975 130
car 972 164 1013 186
car 387 155 412 196
car 333 140 356 176
car 322 100 346 138
car 364 98 389 133
car 428 120 456 158
car 410 81 436 116
car 392 30 420 66
van 510 203 532 239
car 472 99 500 136
car 467 153 484 179
bus 956 212 1042 237
tricycle 1276 174 1305 194
car 780 115 815 145
motor 459 202 473 222
pedestrian 489 320 501 334
pedestrian 411 429 422 444
motor 515 550 529 567
motor 715 600 728 615
car 820 493 838 507
car 700 189 719 201
pedestrian 1272 427 1289 437
pedestrian 1263 167 1281 177
car 425 0 455 26
awning-tricycle 987 109 1006 134
car 30 156 66 181
