car 672 714 700 748
van 1132 526 1162 547
car 1108 500 1144 523
van 1157 430 1183 466
car 1180 480 1207 515
car 1080 349 1115 380
car 1039 381 1074 414
car 146 445 187 471
car 247 362 282 388
car 0 452 26 489
car 1128 120 1165 145
truck 1267 72 1310 102
car 942 98 975 130
car 972 164 1013 186
car 387 155 412 196
car 333 140 356 176
car 322 100 346 138
car 364 98 389 133
car 428 121 456 159
car 410 81 436 117
car 392 30 420 66
van 498 158 525 197
car 454 50 481 90
car 467 153 484 179
bus 955 212 1042 237
tricycle 1266 177 1298 199
car 780 115 815 145
motor 464 218 478 240
pedestrian 494 352 506 366
motor 23 575 45 591
pedestrian 415 435 426 450
motor 511 545 525 562
motor 713 594 726 609
car 805 504 823 518
car 670 184 689 196
pedestrian 1282 424 1299 434
pedestrian 1269 164 1287 174
awning-tricycle 988 109 1007 134
car 30 156 66 181
