van 1132 526 1162 547
car 1108 500 1144 523
van 1157 430 1183 466
car 1180 480 1207 515
car 1108 328 1143 359
car 1064 356 1098 388
car 146 445 187 471
car 246 361 282 388
car 0 452 26 489
car 1127 120 1165 145
truck 1266 72 1310 102
car 942 98 975 130
car 972 164 1013 186
car 387 155 412 196
car 333 140 356 176
car 321 100 346 138
car 364 98 389 133
car 428 122 456 161
car 410 81 436 118
car 393 30 421 67
van 480 112 507 151
car 435 9 462 45
car 467 153 484 180
bus 955 212 1042 237
tricycle 1255 179 1287 201
car 779 115 815 145
motor 469 234 483 258
pedestrian 500 384 512 398
motor 52 566 73 581
pedestrian 420 441 431 456
motor 507 540 521 557
motor 710 588 723 603
car 789 514 807 528
car 639 178 658 190
pedestrian 1290 421 1307 431
pedestrian 1275 162 1293 172
van 0 523 29 552
car 164 466 195 489
car 393 349 424 381
van 435 293 456 327
car 218 499 255 524
car 305 438 344 463
car 517 445 555 474
truck 615 499 657 533
truck 702 565 734 587
car 479 342 517 368
van 553 336 586 361
car 624 317 664 341
motor 461 352 476 365
car 567 334 603 360
car 855 471 887 502
van 864 501 899 531
car 887 443 918 473
car 902 467 935 496
van 923 412 957 440
van 950 427 983 454
car 1279 212 1320 239
others 1288 239 1332 266
awning-tricycle 990 110 1009 135
car 30 155 67 180
awning-tricycle 966 477 995 506
