van 1131 526 1163 547
car 1108 500 1144 523
van 1157 430 1183 467
car 1180 480 1207 515
car 1138 313 1173 344
car 1089 337 1124 369
car 146 445 187 471
car 246 361 282 388
car 0 452 26 489
car 1127 120 1165 145
truck 1265 72 1310 102
car 941 98 975 130
car 972 164 1012 186
car 386 155 412 196
car 333 140 356 176
car 321 100 346 138
car 364 98 389 133
car 428 123 456 163
car 410 81 436 119
car 394 30 422 68
van 461 66 488 105
car 467 153 485 180
car 1291 191 1333 216
bus 954 212 1041 238
tricycle 1246 180 1278 202
car 779 115 815 145
motor 474 254 488 278
pedestrian 508 420 520 434
motor 80 557 101 571
pedestrian 424 447 435 462
motor 503 535 517 552
motor 708 582 721 597
car 774 525 792 539
car 608 168 627 180
pedestrian 1297 418 1314 428
pedestrian 1282 159 1300 169
