pedestrian 0.8544 1357 869 1375 888
pedestrian 0.8447 1223 640 1243 662
pedestrian 0.6908 1150 699 1163 715
pedestrian 0.6555 670 880 685 896
pedestrian 0.5830 659 805 670 819
pedestrian 0.3837 662 883 674 896
pedestrian 0.3695 1155 692 1170 709
bicycle 0.6931 1051 318 1074 336
car 0.9802 591 572 657 617
car 0.9789 433 463 493 503
car 0.9781 938 883 1006 948
car 0.9765 1489 712 1563 760
car 0.9758 282 516 356 561
car 0.9755 1379 578 1451 623
car 0.9751 516 494 589 541
car 0.9741 1174 253 1224 321
car 0.9735 319 477 390 525
car 0.9725 175 484 249 532
car 0.9723 56 394 102 460
car 0.9721 1328 135 1386 200
car 0.9715 506 545 574 587
car 0.9711 194 287 261 329
car 0.9690 285 311 363 363
car 0.9674 1469 763 1537 805
car 0.9673 1307 46 1360 110
car 0.9669 209 393 282 436
car 0.9648 450 572 522 619
car 0.9635 1341 613 1407 651
car 0.9632 1159 827 1220 863
car 0.9622 1764 806 1840 855
car 0.9602 97 448 166 495
car 0.9599 729 907 789 979
car 0.9583 556 610 624 649
car 0.9575 1488 617 1561 662
car 0.9573 611 530 680 574
car 0.9555 867 624 921 686
car 0.9524 1240 68 1291 130
car 0.9517 1328 707 1400 751
car 0.9487 38 225 109 275
car 0.9454 1175 413 1227 479
car 0.9449 376 545 440 583
car 0.9443 1728 847 1803 891
car 0.9361 1383 62 1439 121
car 0.9280 1105 434 1152 505
car 0.9096 1401 742 1461 778
car 0.9060 1561 795 1632 838
car 0.9019 3 416 53 460
car 0.8788 1639 817 1714 864
car 0.8480 39 288 95 343
car 0.8246 1 366 56 403
car 0.7779 1793 767 1865 812
van 0.9709 113 275 183 314
van 0.9308 409 510 481 553
van 0.9007 1808 871 1895 921
truck 0.9461 966 672 1019 737
truck 0.9033 876 534 1035 749
bus 0.9837 1131 143 1242 287
bus 0.9528 790 845 906 999
motor 0.9265 794 658 811 680
motor 0.9177 666 951 688 978
motor 0.8771 1008 433 1032 453
motor 0.7702 1098 264 1123 293
