pedestrian 0.9266 1216 658 1236 679
pedestrian 0.8166 1157 677 1173 695
pedestrian 0.7660 1400 909 1420 928
pedestrian 0.5863 660 806 671 820
pedestrian 0.4741 676 864 691 880
pedestrian 0.4197 673 858 687 873
bicycle 0.8098 1026 331 1048 351
car 0.9796 1739 746 1816 794
car 0.9792 992 855 1061 911
car 0.9791 591 572 658 617
car 0.9783 254 407 326 451
car 0.9777 433 464 493 503
car 0.9776 1327 134 1388 199
car 0.9769 506 545 573 586
car 0.9764 1468 762 1536 805
car 0.9758 517 494 587 541
car 0.9755 282 516 356 561
car 0.9754 1378 577 1450 622
car 0.9747 318 477 390 523
car 0.9719 55 395 100 460
car 0.9713 684 986 743 1056
car 0.9710 193 287 261 329
car 0.9708 1244 831 1304 867
car 0.9693 286 315 363 365
car 0.9690 174 484 248 532
car 0.9688 855 958 914 1027
car 0.9687 96 449 166 496
car 0.9648 1342 612 1407 651
car 0.9622 1328 706 1401 751
car 0.9617 556 610 625 649
car 0.9614 450 573 521 620
car 0.9592 1724 844 1798 889
car 0.9571 1223 91 1276 158
car 0.9560 1693 782 1767 830
car 0.9540 1449 702 1521 748
car 0.9530 1199 370 1249 435
car 0.9514 1276 93 1327 154
car 0.9512 1101 486 1143 561
car 0.9499 1489 616 1560 661
car 0.9470 808 717 866 781
car 0.9466 37 224 109 278
car 0.9453 376 545 440 583
car 0.9438 611 531 679 575
car 0.9326 1555 790 1627 836
car 0.9287 1145 328 1191 396
car 0.9245 1388 55 1444 113
car 0.9216 37 292 93 346
car 0.9136 1639 818 1712 862
car 0.9042 1401 742 1460 777
car 0.8883 3 415 53 460
car 0.8821 1 363 59 398
van 0.9631 112 277 182 316
van 0.9418 408 510 480 553
van 0.9393 1807 871 1894 920
truck 0.9477 835 599 993 818
truck 0.9362 988 634 1041 697
bus 0.9820 807 821 922 969
bus 0.9647 1116 165 1226 309
motor 0.8885 966 489 997 514
motor 0.8227 640 1000 660 1027
motor 0.8164 1073 291 1098 319
motor 0.7328 781 693 799 717
