pedestrian 0.8690 1197 711 1216 736
pedestrian 0.8527 773 621 787 636
pedestrian 0.7999 658 800 670 816
pedestrian 0.6356 1233 502 1246 517
pedestrian 0.4673 1239 496 1252 511
pedestrian 0.3129 1241 465 1255 481
pedestrian 0.3051 1221 540 1236 557
bicycle 0.9498 753 323 779 340
car 0.9803 989 521 1042 590
car 0.9782 1126 482 1175 543
car 0.9775 1203 748 1272 804
car 0.9774 345 436 414 481
car 0.9768 1433 686 1504 732
car 0.9762 911 746 972 820
car 0.9761 427 462 489 501
car 0.9760 115 381 184 432
car 0.9746 514 492 583 537
car 0.9746 277 515 351 559
car 0.9746 1032 832 1110 883
car 0.9740 1485 606 1559 654
car 0.9729 234 403 307 447
car 0.9712 312 476 385 523
car 0.9711 1383 826 1462 876
car 0.9696 276 310 356 359
car 0.9696 1723 834 1797 881
car 0.9695 588 568 658 616
car 0.9694 89 447 163 495
car 0.9691 53 392 97 460
car 0.9691 1469 753 1539 797
car 0.9677 1076 386 1133 456
car 0.9656 447 571 518 617
car 0.9654 1377 570 1450 614
car 0.9644 892 916 950 981
car 0.9626 26 228 96 285
car 0.9624 797 937 846 997
car 0.9622 1674 960 1748 1008
car 0.9600 1328 701 1401 744
car 0.9571 162 278 231 319
car 0.9561 1333 655 1398 699
car 0.9535 1484 653 1557 699
car 0.9502 1556 784 1629 830
car 0.9500 171 483 244 532
car 0.9498 1340 602 1405 642
car 0.9489 1637 810 1715 856
car 0.9482 979 457 1032 523
car 0.9453 500 543 569 586
car 0.9443 372 542 438 580
car 0.9381 605 529 672 574
car 0.9369 1400 732 1461 769
car 0.9232 553 610 626 650
car 0.9054 25 292 91 351
car 0.8958 0 415 49 458
van 0.9790 89 279 158 322
van 0.9570 1806 863 1895 910
van 0.9396 404 508 477 553
truck 0.9653 1225 249 1275 309
truck 0.6299 819 1001 865 1056
bus 0.9590 838 501 945 650
bus 0.9435 680 351 845 423
bus 0.7154 1127 99 1257 284
motor 0.8246 647 1030 665 1052
motor 0.6842 548 256 576 276
