pedestrian 0.8698 516 454 527 468
pedestrian 0.8299 427 452 437 466
pedestrian 0.5068 1304 415 1317 424
pedestrian 0.4425 1289 154 1301 163
car 0.9854 1229 209 1271 234
car 0.9822 1162 297 1197 324
car 0.9814 428 123 454 161
car 0.9812 408 80 432 116
car 0.9812 1116 315 1149 345
car 0.9794 246 360 280 386
car 0.9747 383 155 409 195
car 0.9729 364 99 389 132
car 0.9707 392 32 418 67
car 0.9687 778 115 812 143
car 0.9643 0 453 24 487
car 0.9555 146 445 184 470
car 0.9541 1125 119 1161 143
car 0.9479 1107 500 1141 520
car 0.9478 1179 480 1204 513
car 0.9382 321 100 344 136
car 0.9327 940 98 971 129
car 0.9323 331 141 354 174
car 0.9213 43 566 85 591
car 0.9135 971 162 1009 184
car 0.8692 761 537 775 550
car 0.8683 466 153 483 177
car 0.5571 576 144 595 161
car 0.3464 550 123 568 141
car 0.3254 530 105 548 126
car 0.3165 592 158 610 170
car 0.3140 537 116 555 135
van 0.9662 1155 430 1179 465
van 0.9580 443 21 467 55
van 0.8710 1132 524 1163 545
truck 0.9817 1265 72 1307 99
tricycle 0.9438 1237 182 1270 201
bus 0.9174 954 211 1039 236
motor 0.9288 476 276 489 298
motor 0.7979 704 573 716 587
motor 0.7223 106 547 125 560
motor 0.7095 501 529 514 545
