pedestrian 0.8503 431 457 441 471
pedestrian 0.6676 1295 152 1309 162
pedestrian 0.6676 527 492 536 504
pedestrian 0.5114 1313 413 1325 423
pedestrian 0.3440 1318 409 1332 418
car 0.9821 428 126 455 164
car 0.9788 394 31 420 68
car 0.9783 409 80 434 118
car 0.9767 246 360 281 385
car 0.9758 365 98 389 132
car 0.9716 1 453 24 487
car 0.9711 384 155 409 195
car 0.9686 1146 290 1180 321
car 0.9672 778 115 812 143
car 0.9646 1162 225 1203 248
car 0.9616 1125 119 1161 144
car 0.9591 1179 479 1205 514
car 0.9486 1107 500 1141 521
car 0.9360 147 445 185 470
car 0.9243 466 153 485 178
car 0.9174 331 140 355 174
car 0.9163 1187 286 1226 313
car 0.9136 940 98 972 128
car 0.9114 973 163 1009 184
car 0.8861 80 558 122 582
car 0.8762 321 101 345 136
car 0.8634 748 549 764 563
car 0.4474 550 124 570 142
car 0.4307 531 105 549 124
car 0.3772 575 144 595 159
car 0.3082 537 115 555 134
van 0.9724 1155 430 1180 465
van 0.8779 1130 527 1158 546
van 0.6318 428 0 449 15
truck 0.9819 1266 72 1307 99
tricycle 0.8201 1227 184 1263 207
bus 0.8950 953 211 1040 237
motor 0.8894 483 298 496 318
motor 0.8838 134 538 151 550
motor 0.8061 493 521 506 535
motor 0.7413 703 566 714 580
