pedestrian 0.8943 1299 150 1314 161
pedestrian 0.8319 435 461 445 475
pedestrian 0.8017 1320 408 1334 419
pedestrian 0.6874 541 531 550 542
pedestrian 0.4220 1321 412 1334 423
car 0.9847 1095 238 1133 260
car 0.9802 395 30 422 67
car 0.9790 430 128 456 168
car 0.9763 245 360 281 385
car 0.9747 0 451 25 487
car 0.9746 408 80 434 119
car 0.9700 1184 269 1218 297
car 0.9690 778 115 812 143
car 0.9687 385 154 409 194
car 0.9676 365 98 390 132
car 0.9579 1125 119 1162 144
car 0.9540 1178 477 1204 512
car 0.9527 331 140 356 174
car 0.9521 1216 273 1254 298
car 0.9422 733 560 750 576
car 0.9330 1107 500 1141 521
car 0.9301 146 445 185 469
car 0.9257 940 97 972 129
car 0.9211 466 153 485 178
car 0.9173 112 548 153 573
car 0.9095 972 163 1009 183
car 0.9054 321 100 345 136
car 0.4494 530 105 549 124
car 0.3945 357 0 379 15
car 0.3634 549 121 569 139
van 0.9703 1155 430 1180 465
van 0.8361 1130 527 1158 545
truck 0.9798 1265 72 1307 100
tricycle 0.9049 1220 187 1252 208
bus 0.8916 953 211 1039 237
motor 0.9103 490 322 503 341
motor 0.8709 491 515 501 529
motor 0.7558 703 561 714 573
motor 0.7487 157 529 173 539
motor 0.3782 486 515 499 531
