pedestrian 0.8327 1308 147 1322 156
pedestrian 0.8203 553 566 563 579
pedestrian 0.8136 1324 404 1338 415
pedestrian 0.7521 440 468 449 479
car 0.9869 1028 243 1071 267
car 0.9784 410 84 436 123
car 0.9768 245 360 281 385
car 0.9726 0 452 25 487
car 0.9725 365 98 389 131
car 0.9721 431 135 458 172
car 0.9698 778 115 812 143
car 0.9696 385 155 409 194
car 0.9685 1228 248 1265 272
car 0.9647 1178 478 1205 511
car 0.9570 394 31 419 68
car 0.9525 1125 119 1161 143
car 0.9525 369 32 396 69
car 0.9374 146 445 185 469
car 0.9365 1107 499 1141 520
car 0.9351 330 140 355 175
car 0.9349 940 98 971 128
car 0.9144 970 162 1009 183
car 0.9057 320 100 345 136
car 0.9007 143 541 180 563
car 0.8959 466 155 484 178
car 0.8464 721 572 736 587
car 0.8446 1235 267 1272 293
car 0.3929 530 103 549 122
car 0.3799 33 156 65 179
car 0.3616 509 75 529 97
car 0.3363 575 143 595 159
car 0.3302 509 63 530 87
car 0.3169 550 121 571 139
van 0.9658 1154 430 1179 465
van 0.8498 1131 524 1162 544
truck 0.9792 1265 71 1307 99
tricycle 0.7913 1210 189 1243 211
bus 0.8786 950 209 1037 237
motor 0.9101 179 520 198 532
motor 0.9062 699 553 711 566
motor 0.8672 494 345 508 365
motor 0.6117 485 509 498 525
motor 0.3825 502 534 514 550
