pedestrian 0.8953 1216 429 1238 450
pedestrian 0.7301 285 320 310 339
pedestrian 0.5175 1420 635 1442 655
car 0.9845 1004 297 1055 398
car 0.9804 999 453 1050 548
car 0.9784 985 148 1045 255
car 0.9772 1162 899 1211 1003
car 0.9760 787 438 839 536
car 0.9750 1642 682 1724 770
car 0.9741 930 250 977 351
car 0.9733 1586 609 1687 653
car 0.9726 1561 663 1657 759
car 0.9712 847 275 892 367
car 0.9660 659 968 770 1041
car 0.9652 1071 328 1181 385
car 0.9646 936 424 982 529
car 0.9595 444 489 548 538
car 0.9554 1756 261 1846 335
car 0.9547 1008 595 1057 695
car 0.9528 1366 342 1463 387
car 0.9495 1702 653 1789 759
car 0.9435 955 857 1007 975
car 0.9292 1030 872 1080 986
car 0.9255 314 488 424 540
car 0.9054 147 494 259 543
car 0.8948 1777 650 1855 751
van 0.9780 1174 77 1253 122
van 0.9664 668 757 707 837
van 0.9649 1400 413 1486 454
truck 0.9295 746 128 810 254
tricycle 0.9557 787 621 814 678
tricycle 0.8923 1503 406 1565 435
bus 0.9817 839 627 906 820
bus 0.9443 1243 408 1370 451
motor 0.9069 1342 251 1364 288
motor 0.8246 648 614 689 635
motor 0.8224 1362 204 1384 239
motor 0.8058 639 558 682 582
