pedestrian 0.8071 1225 407 1246 428
pedestrian 0.7966 250 310 276 331
pedestrian 0.7591 1445 631 1468 651
car 0.9855 999 417 1050 514
car 0.9796 1000 249 1053 350
car 0.9795 792 516 845 619
car 0.9787 935 356 983 456
car 0.9761 985 80 1045 191
car 0.9728 1168 903 1216 1011
car 0.9673 848 351 895 445
car 0.9659 928 174 978 275
car 0.9632 435 486 539 536
car 0.9559 1572 665 1671 760
car 0.9532 1334 337 1434 380
car 0.9531 952 771 1001 890
car 0.9521 1032 805 1085 929
car 0.9501 651 975 767 1050
car 0.9469 1770 252 1862 326
car 0.9441 1066 319 1178 379
car 0.9427 147 489 262 540
car 0.9425 1603 609 1703 653
car 0.9375 1009 568 1058 674
car 0.9319 1657 682 1744 775
car 0.9285 1715 653 1804 762
car 0.9109 1795 647 1871 749
car 0.8904 303 483 417 537
van 0.9736 1181 66 1261 112
van 0.9532 1407 409 1495 452
van 0.9526 663 760 704 842
truck 0.9085 701 194 785 324
tricycle 0.9637 1511 400 1575 430
tricycle 0.9131 791 700 816 765
bus 0.9589 838 716 906 925
bus 0.8686 1253 403 1381 448
motor 0.9432 638 558 676 582
motor 0.9248 1370 195 1392 230
motor 0.8887 1354 259 1377 294
motor 0.8604 695 635 727 664
motor 0.7720 1039 980 1061 1027
