pedestrian 0.9027 1476 621 1499 641
pedestrian 0.8554 1234 390 1256 413
pedestrian 0.6632 214 303 241 321
car 0.9816 950 689 999 801
car 0.9791 799 602 854 704
car 0.9788 929 102 977 199
car 0.9768 935 274 983 376
car 0.9759 998 378 1051 476
car 0.9747 1671 678 1759 771
car 0.9746 1039 748 1095 873
car 0.9736 1175 906 1222 1017
car 0.9701 999 188 1051 290
car 0.9697 852 426 900 523
car 0.9660 1790 243 1882 316
car 0.9637 1586 659 1687 760
car 0.9621 1010 534 1063 643
car 0.9590 1310 327 1413 374
car 0.9557 1612 606 1717 649
car 0.9521 646 977 763 1051
car 0.9501 1733 648 1820 754
car 0.9299 133 484 249 534
car 0.9286 427 479 529 530
car 0.9275 1812 646 1891 750
car 0.9249 296 477 406 531
car 0.9218 984 20 1040 107
car 0.8992 1060 302 1173 368
van 0.9679 659 758 700 841
van 0.9577 1185 55 1268 102
van 0.9431 1418 402 1509 446
truck 0.9458 636 252 740 374
tricycle 0.9707 1519 393 1587 425
tricycle 0.9622 792 775 819 840
bus 0.9858 841 796 907 1000
bus 0.9474 1258 396 1393 441
motor 0.9044 633 553 672 578
motor 0.8944 1040 920 1059 968
motor 0.8871 729 668 755 701
motor 0.8414 1380 182 1402 221
motor 0.6890 1362 261 1384 295
