pedestrian 0.8703 1506 611 1530 631
pedestrian 0.8673 174 297 200 314
pedestrian 0.8248 1241 380 1264 402
pedestrian 0.3436 3 289 24 305
car 0.9857 808 694 863 799
car 0.9785 1045 702 1110 821
car 0.9738 944 596 995 710
car 0.9728 1180 913 1231 1023
car 0.9724 992 334 1048 431
car 0.9702 933 190 982 288
car 0.9674 856 505 906 604
car 0.9643 1011 502 1062 609
car 0.9634 926 21 978 120
car 0.9597 1054 284 1169 358
car 0.9532 998 118 1050 217
car 0.9532 1628 603 1734 650
car 0.9502 646 984 761 1060
car 0.9489 122 480 243 529
car 0.9451 1598 662 1700 760
car 0.9450 1685 678 1775 771
car 0.9432 283 473 398 529
car 0.9381 418 476 523 529
car 0.9323 1748 650 1839 761
car 0.9269 1829 646 1899 749
car 0.9148 1293 322 1400 366
car 0.9116 1804 236 1895 310
van 0.9734 655 758 698 840
van 0.9527 1429 397 1521 441
van 0.9373 1190 40 1276 90
truck 0.9514 549 303 672 404
tricycle 0.9501 1530 390 1597 420
tricycle 0.8753 797 859 822 931
bus 0.9696 838 866 907 1066
bus 0.9601 1265 390 1398 437
motor 0.8999 1031 852 1054 901
motor 0.8391 626 551 666 577
motor 0.8064 745 730 769 765
motor 0.8045 1387 177 1407 210
motor 0.7235 1367 267 1389 302
motor 0.5333 736 737 762 771
motor 0.4130 726 744 749 777
