pedestrian 0.9064 135 285 162 305
pedestrian 0.8547 1541 602 1567 621
pedestrian 0.7400 1246 372 1269 395
car 0.9840 814 768 869 877
car 0.9786 859 585 909 686
car 0.9758 932 102 982 199
car 0.9733 1637 602 1744 649
car 0.9728 1697 677 1786 775
car 0.9714 1183 915 1233 1026
car 0.9711 986 283 1040 376
car 0.9710 1818 228 1901 305
car 0.9664 1611 660 1711 760
car 0.9640 996 39 1050 140
car 0.9637 1056 654 1120 774
car 0.9578 1046 261 1157 347
car 0.9549 1012 460 1062 568
car 0.9531 110 476 236 528
car 0.9520 959 886 1013 998
car 0.9508 413 473 515 526
car 0.9470 939 510 992 620
car 0.9359 1762 648 1853 764
car 0.9297 645 986 761 1062
car 0.9289 271 468 393 526
car 0.8740 1280 318 1390 363
car 0.5856 838 17 889 112
car 0.5325 1843 650 1899 750
van 0.9614 1195 30 1279 79
van 0.9596 653 761 695 839
van 0.9223 1436 392 1534 438
truck 0.9200 444 335 567 412
tricycle 0.9537 794 934 825 1002
tricycle 0.9493 1543 384 1607 413
bus 0.9718 844 937 912 1070
bus 0.9524 1268 386 1404 434
motor 0.9030 1019 774 1042 820
motor 0.8988 1397 167 1418 202
motor 0.8438 760 792 779 825
motor 0.8225 1371 271 1394 306
motor 0.7907 623 547 660 572
motor 0.6876 758 803 781 842
