pedestrian 0.8870 1573 597 1597 614
pedestrian 0.8573 1259 361 1281 384
pedestrian 0.8261 98 275 130 296
pedestrian 0.3390 1586 600 1608 615
car 0.9812 818 837 874 948
car 0.9790 859 662 910 763
car 0.9742 1188 918 1238 1030
car 0.9706 98 473 225 524
car 0.9676 839 106 888 214
car 0.9669 934 417 991 530
car 0.9647 1007 413 1058 521
car 0.9638 977 217 1032 320
car 0.9613 1829 222 1900 299
car 0.9594 1645 598 1759 648
car 0.9593 268 466 388 522
car 0.9571 1049 242 1149 332
car 0.9567 1066 605 1138 722
car 0.9550 930 17 982 107
car 0.9529 1623 656 1727 760
car 0.9524 958 809 1011 925
car 0.9500 639 987 753 1062
car 0.9435 1712 677 1806 776
car 0.9364 1268 309 1373 353
car 0.9343 406 468 512 519
car 0.9107 769 35 826 143
car 0.8989 1774 647 1869 762
car 0.8765 1000 2 1053 49
van 0.9629 1443 388 1540 433
van 0.9571 1199 21 1285 71
van 0.9548 647 764 690 844
truck 0.9455 316 341 443 409
tricycle 0.9094 1553 380 1616 411
tricycle 0.8517 800 1004 826 1063
bus 0.9637 844 1002 919 1065
bus 0.8907 1279 380 1411 425
motor 0.9358 1007 696 1027 742
motor 0.9059 764 861 788 898
motor 0.8627 1405 154 1425 194
motor 0.8625 621 545 657 570
motor 0.7711 1372 276 1396 309
motor 0.4166 751 918 777 949
