pedestrian 0.8228 779 596 795 615
pedestrian 0.7771 1191 719 1211 746
pedestrian 0.7624 1248 486 1261 501
pedestrian 0.7336 658 800 670 816
pedestrian 0.3480 1253 484 1267 498
bicycle 0.9286 719 316 745 333
car 0.9830 968 551 1023 617
car 0.9786 1047 430 1102 498
car 0.9776 514 492 584 538
car 0.9761 345 436 413 481
car 0.9755 426 462 487 501
car 0.9748 1430 685 1501 732
car 0.9739 588 569 657 616
car 0.9735 277 515 351 560
car 0.9731 1484 605 1558 653
car 0.9725 87 447 161 497
car 0.9721 312 476 384 523
car 0.9719 1467 753 1537 797
car 0.9717 23 228 96 286
car 0.9707 937 871 1001 934
car 0.9707 951 686 1012 758
car 0.9687 1327 700 1401 745
car 0.9684 1723 834 1797 880
car 0.9678 1377 570 1450 614
car 0.9672 1077 823 1152 869
car 0.9652 277 311 355 360
car 0.9644 1167 411 1217 467
car 0.9632 159 277 226 319
car 0.9624 1268 784 1337 830
car 0.9620 446 572 517 617
car 0.9610 51 393 95 462
car 0.9595 136 400 211 456
car 0.9591 1638 810 1713 855
car 0.9589 170 484 243 532
car 0.9576 1814 1007 1885 1058
car 0.9550 244 408 317 451
car 0.9543 1479 859 1551 905
car 0.9509 823 893 872 955
car 0.9500 1399 730 1460 768
car 0.9499 1333 655 1398 699
car 0.9480 1341 603 1404 642
car 0.9468 499 543 568 585
car 0.9467 1556 784 1629 829
car 0.9415 1471 648 1543 696
car 0.9384 372 543 437 580
car 0.9353 606 529 672 574
car 0.9098 553 610 626 650
car 0.8949 952 502 1002 564
car 0.8876 24 289 90 351
car 0.8663 0 417 48 458
car 0.7506 1822 666 1881 711
van 0.9804 88 277 159 321
van 0.9579 1806 862 1895 910
van 0.9459 404 509 477 553
van 0.8792 1242 54 1290 113
truck 0.9650 850 923 910 1003
truck 0.9230 1259 192 1308 257
truck 0.8297 1256 68 1340 173
bus 0.9617 1105 133 1237 307
bus 0.9459 800 461 916 603
bus 0.9283 606 331 767 406
motor 0.8180 459 234 487 253
