pedestrian 0.9025 1599 592 1621 610
pedestrian 0.8745 63 266 97 288
pedestrian 0.6659 1269 358 1292 380
car 0.9796 1192 917 1241 1028
car 0.9722 98 470 221 522
car 0.9711 1046 224 1144 321
car 0.9707 1006 366 1056 472
car 0.9697 1658 598 1764 646
car 0.9660 824 903 879 1013
car 0.9643 862 732 910 835
car 0.9637 957 738 1009 842
car 0.9633 265 463 384 517
car 0.9619 772 188 825 300
car 0.9556 1253 305 1358 351
car 0.9550 404 465 513 516
car 0.9510 968 146 1023 247
car 0.9487 638 987 754 1062
car 0.9459 840 202 889 316
car 0.9428 1779 642 1874 759
car 0.9389 1626 656 1728 758
car 0.9387 1082 558 1163 668
car 0.9384 932 334 986 445
car 0.9349 1716 675 1807 774
car 0.8805 1836 216 1899 288
van 0.9678 1445 384 1543 431
van 0.9531 1199 15 1288 65
van 0.9424 648 763 689 843
truck 0.9176 177 338 305 403
tricycle 0.9355 1555 375 1621 405
bus 0.8856 1280 376 1414 423
motor 0.8827 994 612 1015 661
motor 0.8602 618 543 659 567
motor 0.8162 1408 152 1429 192
motor 0.7999 1366 279 1391 316
motor 0.7618 765 920 792 965
