pedestrian 0.8341 1622 588 1646 607
pedestrian 0.8264 1285 347 1313 369
pedestrian 0.7262 28 261 69 284
pedestrian 0.3283 1300 340 1333 365
car 0.9814 864 797 915 906
car 0.9799 1006 325 1057 433
car 0.9734 958 660 1008 769
car 0.9729 1042 187 1132 299
car 0.9701 1195 918 1244 1029
car 0.9692 1660 597 1774 646
car 0.9691 843 301 896 416
car 0.9686 1724 673 1818 775
car 0.9650 95 468 216 520
car 0.9639 1112 516 1212 617
car 0.9630 261 460 382 516
car 0.9550 960 63 1015 162
car 0.9534 774 353 829 465
car 0.9419 932 259 986 367
car 0.9394 1633 655 1741 760
car 0.9381 640 989 754 1065
car 0.9354 1788 640 1884 760
car 0.9350 397 464 508 512
car 0.9194 968 931 1021 1047
car 0.9135 1245 299 1349 346
car 0.8940 830 972 885 1066
car 0.8734 1844 213 1899 287
van 0.9633 1205 9 1292 58
van 0.9589 1451 381 1551 429
van 0.9429 647 766 689 844
truck 0.7134 20 332 154 396
tricycle 0.9276 1563 372 1630 401
bus 0.8701 1288 375 1422 422
motor 0.8955 992 531 1011 582
motor 0.8607 618 540 656 565
motor 0.8592 768 985 793 1020
motor 0.8424 1359 283 1389 319
motor 0.8202 1412 148 1435 188
