pedestrian 0.8437 1304 340 1330 365
pedestrian 0.8342 6 261 38 284
pedestrian 0.7942 1646 585 1670 603
pedestrian 0.4503 1639 589 1662 606
pedestrian 0.4229 1487 0 1517 30
pedestrian 0.3200 1500 9 1529 40
car 0.9825 864 859 916 965
car 0.9784 956 581 1007 687
car 0.9750 89 466 217 519
car 0.9719 1197 921 1244 1031
car 0.9674 1033 142 1113 258
car 0.9650 781 523 834 629
car 0.9648 257 460 380 516
car 0.9641 1004 290 1057 395
car 0.9638 1162 483 1279 574
car 0.9599 1663 597 1776 646
car 0.9598 1726 673 1821 777
car 0.9543 931 177 985 285
car 0.9499 396 463 508 513
car 0.9470 968 845 1020 958
car 0.9442 846 399 898 511
car 0.9411 636 991 757 1065
car 0.9292 1635 653 1746 762
car 0.9149 956 0 1006 82
car 0.9016 1790 644 1886 767
car 0.7580 1239 300 1342 341
van 0.9571 1451 380 1554 428
van 0.9569 645 766 690 844
van 0.9523 1207 8 1295 57
tricycle 0.9506 1568 373 1631 402
bus 0.8458 1288 374 1423 421
motor 0.9126 1803 317 1859 342
motor 0.8876 617 540 657 565
motor 0.8871 984 460 1004 508
motor 0.8004 1413 148 1435 186
motor 0.7887 1350 290 1383 324
motor 0.7404 738 41 764 84
