pedestrian 0.7428 1478 0 1508 32
pedestrian 0.7312 1329 340 1352 360
pedestrian 0.6618 0 266 18 288
pedestrian 0.6458 1663 581 1687 598
pedestrian 0.6191 1500 20 1528 51
pedestrian 0.3474 1669 583 1697 603
car 0.9793 866 915 918 1025
car 0.9756 851 491 902 604
car 0.9743 1003 249 1055 357
car 0.9733 930 103 986 209
car 0.9722 91 468 216 520
car 0.9712 1198 920 1247 1033
car 0.9654 257 460 381 516
car 0.9610 1727 674 1822 777
car 0.9587 790 669 846 779
car 0.9525 965 754 1016 869
car 0.9511 951 505 1003 609
car 0.9396 636 991 758 1066
car 0.9380 396 464 508 513
car 0.9355 1233 479 1356 544
car 0.9345 1664 597 1779 647
car 0.9345 1636 654 1746 763
car 0.9127 1034 90 1096 200
car 0.8953 1790 644 1888 767
car 0.8578 1237 300 1343 346
car 0.5574 835 44 894 149
van 0.9519 1453 381 1555 428
van 0.9512 647 765 689 845
van 0.9498 1209 9 1296 57
tricycle 0.9631 1568 372 1632 402
bus 0.8630 1288 374 1427 421
motor 0.9030 619 541 656 566
motor 0.8854 1758 311 1808 333
motor 0.8817 975 384 995 428
motor 0.8643 734 100 763 145
motor 0.7863 1835 291 1882 316
motor 0.7192 1413 148 1436 186
motor 0.6020 1350 291 1382 328
