pedestrian 0.8373 1697 576 1725 595
pedestrian 0.7635 1478 4 1510 34
pedestrian 0.7041 1500 24 1527 54
pedestrian 0.4338 1354 299 1381 335
pedestrian 0.3667 0 259 19 279
people 0.5789 1419 847 1461 868
car 0.9769 1003 192 1057 299
car 0.9764 794 786 859 905
car 0.9727 853 572 907 690
car 0.9686 248 455 374 512
car 0.9635 868 972 918 1065
car 0.9609 930 18 984 119
car 0.9580 967 675 1017 794
car 0.9545 636 991 757 1067
car 0.9521 949 425 1001 524
car 0.9505 1201 918 1252 1039
car 0.9501 392 457 507 509
car 0.9473 1331 471 1454 530
car 0.9440 1740 672 1835 774
car 0.9352 1806 641 1897 760
car 0.9349 1647 655 1759 760
car 0.9317 83 460 208 514
car 0.9091 1673 594 1788 647
car 0.8903 1237 291 1347 338
car 0.8843 841 168 896 280
car 0.8612 1028 14 1085 110
car 0.8383 1776 374 1888 424
van 0.9532 641 761 685 849
van 0.8909 1460 373 1568 421
van 0.8879 1219 5 1303 44
tricycle 0.9519 1578 366 1646 397
bus 0.8937 1293 365 1430 417
motor 0.9176 613 537 653 562
motor 0.9069 963 298 985 342
motor 0.8870 1718 300 1768 325
motor 0.8718 721 152 751 196
motor 0.8658 1424 139 1447 175
motor 0.7876 1814 285 1867 307
motor 0.5406 1351 291 1379 325
