pedestrian 0.8282 1501 32 1527 62
pedestrian 0.8186 1483 7 1512 34
pedestrian 0.7297 1717 578 1747 597
pedestrian 0.5954 1368 291 1399 321
pedestrian 0.3473 1476 64 1501 97
pedestrian 0.3155 0 254 18 274
pedestrian 0.3109 0 237 22 257
people 0.5849 1442 845 1486 864
people 0.4022 1429 849 1477 871
car 0.9782 802 880 865 999
car 0.9762 946 348 999 451
car 0.9692 856 654 911 775
car 0.9689 383 456 499 507
car 0.9685 1749 672 1846 777
car 0.9659 1002 124 1058 233
car 0.9601 965 602 1015 714
car 0.9593 842 293 897 410
car 0.9586 1440 468 1566 526
car 0.9535 1211 925 1260 1046
car 0.9474 238 451 366 510
car 0.9459 66 455 198 511
car 0.9447 1688 592 1800 648
car 0.9417 636 997 754 1068
car 0.9333 1658 657 1767 763
car 0.9309 1818 647 1898 766
car 0.9221 1755 367 1877 425
car 0.8838 1240 284 1344 334
car 0.6142 868 1032 918 1070
van 0.9749 639 760 684 849
van 0.9388 1471 368 1569 415
van 0.9166 1219 1 1306 36
tricycle 0.9394 1585 363 1655 394
bus 0.9446 1294 357 1433 416
motor 0.8941 608 535 647 561
motor 0.8923 1678 290 1727 312
motor 0.8739 687 197 720 236
motor 0.8559 954 218 975 258
motor 0.8022 1784 281 1836 302
motor 0.7601 1350 300 1378 336
motor 0.5335 1430 128 1451 172
