pedestrian 0.8802 1508 28 1536 58
pedestrian 0.8535 1736 575 1772 597
pedestrian 0.8415 1487 11 1520 37
pedestrian 0.7996 1390 262 1414 287
people 0.8654 1481 841 1522 860
car 0.9765 856 734 914 859
car 0.9754 1213 928 1265 1050
car 0.9745 1003 44 1060 153
car 0.9739 941 261 996 368
car 0.9717 962 522 1015 637
car 0.9589 1571 463 1701 521
car 0.9574 843 401 900 519
car 0.9502 1832 649 1901 768
car 0.9495 1748 361 1883 419
car 0.9479 632 998 753 1066
car 0.9447 53 452 185 509
car 0.9444 373 450 493 502
car 0.9389 1239 278 1344 329
car 0.9364 1766 674 1862 779
car 0.9310 806 949 866 1065
car 0.9221 226 447 353 506
car 0.8961 1698 591 1816 650
car 0.8778 1673 655 1783 763
van 0.9595 634 761 678 852
van 0.9541 1225 0 1313 28
van 0.9405 1481 366 1585 412
tricycle 0.9301 1602 358 1666 385
bus 0.9577 1301 349 1447 411
motor 0.9297 947 128 969 170
motor 0.8751 1637 282 1691 307
motor 0.8439 605 534 645 559
motor 0.8425 1345 306 1376 341
motor 0.7695 616 231 659 264
motor 0.7113 1760 274 1811 296
