pedestrian 0.8642 1511 23 1538 55
pedestrian 0.7660 1500 14 1532 40
pedestrian 0.7504 1390 231 1413 257
pedestrian 0.6868 1755 572 1785 596
pedestrian 0.5161 1746 574 1773 595
people 0.5409 1522 839 1562 857
car 0.9756 1218 935 1270 1056
car 0.9645 1756 356 1887 410
car 0.9604 1240 271 1350 326
car 0.9559 961 437 1013 551
car 0.9523 940 170 993 277
car 0.9479 856 801 916 929
car 0.9433 843 504 902 628
car 0.9420 363 447 484 503
car 0.9360 1718 463 1853 520
car 0.9282 219 444 344 506
car 0.8955 628 1011 752 1070
car 0.8895 1785 680 1878 787
car 0.8866 798 1012 877 1069
car 0.8772 1005 2 1059 65
car 0.8716 40 451 172 509
car 0.8142 1839 656 1900 780
car 0.7281 1702 583 1841 657
car 0.3810 824 47 881 143
van 0.9529 1491 360 1595 408
van 0.9479 628 763 677 852
van 0.8537 1226 0 1314 19
tricycle 0.9563 1605 352 1674 386
bus 0.9661 1302 346 1456 410
motor 0.8733 598 530 640 557
motor 0.8397 540 245 584 277
motor 0.8169 1744 263 1795 288
motor 0.8007 944 40 965 81
motor 0.7502 1094 959 1120 1003
motor 0.6891 1336 314 1370 345
motor 0.6664 1593 272 1644 297
