pedestrian 0.8314 1383 192 1408 223
pedestrian 0.7753 1508 13 1542 39
pedestrian 0.6500 1510 22 1542 57
pedestrian 0.5001 1529 38 1554 64
pedestrian 0.4372 1767 568 1802 593
car 0.9813 855 848 916 980
car 0.9765 939 77 994 185
car 0.9763 1216 936 1272 1054
car 0.9659 822 152 877 274
car 0.9656 1241 261 1352 317
car 0.9600 959 341 1011 455
car 0.9538 1760 348 1889 408
car 0.9409 843 586 904 716
car 0.9245 363 438 480 498
car 0.9210 34 444 165 502
car 0.9144 208 438 342 499
car 0.8971 618 1010 749 1069
car 0.8628 1790 680 1887 787
car 0.7454 1719 581 1840 642
car 0.6189 1856 656 1901 773
van 0.9603 1494 351 1598 401
van 0.9600 625 759 675 849
van 0.4066 1235 0 1308 14
tricycle 0.9388 1611 344 1682 380
bus 0.9393 1309 340 1462 400
motor 0.8760 1092 882 1119 921
motor 0.8381 454 244 503 277
motor 0.8291 1553 260 1603 285
motor 0.8148 591 522 633 551
motor 0.8133 1716 255 1766 280
motor 0.3349 1322 313 1357 343
