pedestrian 0.5190 1824 897 1862 934
pedestrian 0.5009 1642 840 1667 867
pedestrian 0.3626 1837 899 1869 928
car 0.9802 831 102 920 213
car 0.9786 1457 767 1542 886
car 0.9744 1476 342 1595 436
car 0.9681 228 840 359 929
car 0.9645 449 818 568 926
car 0.9620 334 941 455 1035
car 0.9604 755 0 853 99
car 0.9582 645 746 766 840
car 0.9518 1256 503 1368 595
car 0.9500 830 620 952 719
car 0.9377 1151 404 1267 500
car 0.9357 359 660 467 760
car 0.9330 471 603 597 718
car 0.9316 1747 260 1863 354
car 0.9285 154 948 284 1036
car 0.7401 686 952 816 1044
car 0.7000 1741 9 1864 115
van 0.9667 1722 590 1824 698
van 0.9615 684 476 785 571
bus 0.9707 1410 876 1540 1044
bus 0.9476 683 784 914 963
motor 0.8261 899 913 939 944
motor 0.7980 1001 15 1042 51
motor 0.7764 900 333 939 372
motor 0.6148 1470 130 1523 168
motor 0.4985 324 900 365 933
motor 0.4875 1656 274 1707 314
motor 0.3686 1579 29 1624 77
motor 0.3657 1561 50 1613 93
