pedestrian 0.8545 787 576 803 593
pedestrian 0.8339 1188 730 1208 754
pedestrian 0.7986 659 798 671 813
pedestrian 0.7319 1134 147 1152 169
pedestrian 0.4450 1138 142 1160 165
pedestrian 0.4243 1250 460 1263 476
pedestrian 0.3836 1254 453 1270 469
pedestrian 0.3553 1249 480 1260 494
bicycle 0.8882 688 315 716 332
car 0.9802 277 516 350 561
car 0.9793 88 449 161 497
car 0.9788 344 437 412 481
car 0.9767 511 492 582 538
car 0.9765 425 463 487 501
car 0.9750 946 588 1001 654
car 0.9745 1024 462 1079 533
car 0.9734 311 476 384 523
car 0.9712 1345 811 1414 859
car 0.9705 587 569 656 616
car 0.9703 248 411 321 454
car 0.9696 166 423 235 472
car 0.9696 1484 605 1558 653
car 0.9692 23 229 94 288
car 0.9689 1328 700 1400 744
car 0.9689 1430 686 1500 733
car 0.9686 169 484 242 532
car 0.9675 1467 752 1536 796
car 0.9664 1376 570 1449 614
car 0.9662 1127 819 1200 862
car 0.9655 1463 646 1535 693
car 0.9653 996 620 1058 691
car 0.9648 987 840 1056 893
car 0.9643 445 571 516 617
car 0.9636 274 312 353 359
car 0.9633 1573 889 1648 941
car 0.9610 499 543 568 586
car 0.9601 159 278 226 320
car 0.9588 919 553 971 613
car 0.9584 1724 835 1797 881
car 0.9523 604 529 672 573
car 0.9509 50 394 94 462
car 0.9463 1713 634 1775 677
car 0.9458 1211 334 1259 395
car 0.9415 1341 603 1404 642
car 0.9398 1333 655 1397 699
car 0.9378 372 545 435 582
car 0.9378 1399 732 1461 768
car 0.9337 1555 785 1629 830
car 0.9288 1638 811 1714 856
car 0.9165 17 292 89 357
car 0.9143 553 610 626 651
car 0.8929 851 843 904 907
car 0.8817 0 417 48 459
car 0.5987 22 357 99 395
car 0.4290 777 978 833 1050
van 0.9765 87 279 158 322
van 0.9585 1807 863 1895 910
van 0.9579 1218 87 1271 149
van 0.9534 404 509 476 553
truck 0.9692 895 852 957 926
truck 0.9438 1293 141 1344 205
truck 0.9387 1227 111 1313 216
bus 0.9701 1078 173 1214 349
bus 0.9673 755 432 884 561
bus 0.9377 526 298 685 388
motor 0.9035 373 211 400 232
