bus 0.9582 730 627 938 824
motor 0.8848 376 462 429 509
motor 0.7697 742 787 775 821
motor 0.6608 1263 600 1303 642
motor 0.5624 542 216 593 256
motor 0.3139 521 216 576 259
motor 0.3139 1678 560 1716 601
motor 0.3127 212 246 259 294
motor 0.3090 546 669 590 713
car 0.9867 714 444 818 549
car 0.9817 470 690 559 792
car 0.9791 1420 478 1519 577
car 0.9710 449 221 547 310
car 0.9634 833 268 918 382
car 0.9621 864 570 975 675
car 0.9604 749 177 833 295
car 0.9559 1106 792 1222 906
car 0.9536 53 286 145 405
car 0.9519 1618 241 1724 350
car 0.9463 553 122 648 228
car 0.9462 1499 368 1622 482
car 0.9391 577 294 692 388
car 0.9272 457 453 566 558
car 0.8740 615 617 734 725
car 0.5726 1 24 99 134
car 0.5463 441 108 547 199
car 0.5193 503 181 588 249
car 0.4983 1746 92 1865 204
car 0.4099 491 137 591 234
car 0.3927 459 190 569 276
van 0.9317 355 559 457 666
van 0.9046 1031 425 1104 518
van 0.5178 7 212 82 304
van 0.4354 1016 405 1091 490
