people 0.4003 357 275 401 305
people 0.3603 354 262 398 290
people 0.3022 379 276 424 308
car 0.9857 754 272 844 379
car 0.9751 1073 408 1158 523
car 0.9738 95 330 206 419
car 0.9710 863 820 955 945
car 0.9709 988 569 1085 686
car 0.9641 186 254 270 372
car 0.9634 312 844 432 945
car 0.9564 1316 84 1409 193
car 0.9537 825 464 913 579
car 0.9464 1224 84 1307 193
car 0.9458 940 250 1032 376
car 0.9451 1188 227 1267 342
car 0.9337 1309 412 1442 498
car 0.9317 124 201 195 316
car 0.9277 1233 515 1361 598
car 0.9270 1318 205 1411 314
car 0.8930 49 187 123 303
car 0.5896 165 222 248 351
car 0.4066 1340 10 1392 75
van 0.9732 844 135 919 244
van 0.9559 149 640 259 722
van 0.7958 1149 755 1249 826
tricycle 0.8513 73 611 140 661
bus 0.9728 267 714 408 823
bus 0.9580 748 625 922 855
motor 0.8147 29 709 72 740
motor 0.8097 957 182 991 229
motor 0.8039 1282 188 1316 226
motor 0.7851 1088 1029 1129 1064
motor 0.7650 96 916 130 952
motor 0.7074 383 826 416 854
motor 0.6810 207 813 249 843
motor 0.6075 1105 3 1144 26
motor 0.5813 170 974 202 1005
motor 0.5635 749 586 783 622
motor 0.3065 38 717 78 748
