pedestrian 0.8897 1180 741 1201 765
pedestrian 0.8742 1257 453 1272 469
pedestrian 0.8621 660 795 672 810
pedestrian 0.7999 1128 155 1147 175
pedestrian 0.7185 798 558 812 573
pedestrian 0.4259 1251 455 1266 472
bicycle 0.8358 657 306 682 322
car 0.9815 1252 265 1302 323
car 0.9806 277 517 350 561
car 0.9800 344 437 413 481
car 0.9784 425 463 486 501
car 0.9778 513 492 582 537
car 0.9772 917 636 971 704
car 0.9762 86 449 161 497
car 0.9762 883 608 935 669
car 0.9749 311 476 383 523
car 0.9737 1436 843 1506 891
car 0.9736 1428 684 1501 732
car 0.9733 169 484 241 533
car 0.9731 1041 820 1115 869
car 0.9713 1455 644 1529 691
car 0.9712 587 569 656 616
car 0.9706 1484 603 1559 652
car 0.9696 445 572 516 618
car 0.9694 1468 752 1537 796
car 0.9692 22 232 94 289
car 0.9689 1046 545 1107 617
car 0.9679 500 544 568 587
car 0.9667 275 312 353 359
car 0.9661 1328 699 1401 743
car 0.9647 1723 834 1796 880
car 0.9643 1177 822 1253 865
car 0.9640 1377 570 1450 614
car 0.9634 1675 922 1747 972
car 0.9606 188 432 263 484
car 0.9585 249 411 322 455
car 0.9583 159 279 226 320
car 0.9579 1003 496 1057 561
car 0.9560 893 778 942 840
car 0.9549 1555 783 1628 827
car 0.9523 603 529 671 573
car 0.9516 806 931 862 1003
car 0.9469 51 393 95 463
car 0.9458 372 545 435 582
car 0.9441 1341 603 1405 642
car 0.9429 1638 810 1714 855
car 0.9394 1399 731 1461 768
car 0.9386 1611 599 1675 643
car 0.9370 1333 654 1398 699
car 0.9245 18 294 86 358
car 0.9147 553 610 626 651
car 0.9021 0 417 47 459
car 0.6836 35 360 119 394
van 0.9777 86 280 158 323
van 0.9673 1194 124 1246 185
van 0.9591 404 509 475 554
van 0.9538 1807 862 1895 910
truck 0.9366 942 771 1007 849
truck 0.9260 1324 85 1376 149
truck 0.9174 1205 151 1286 259
bus 0.9657 702 398 849 518
bus 0.9592 441 270 598 359
bus 0.9415 1040 212 1185 401
motor 0.8009 279 191 308 210
motor 0.3361 637 1015 657 1037
