pedestrian 0.8521 658 794 670 809
pedestrian 0.8276 1122 165 1142 187
pedestrian 0.8186 806 543 821 561
pedestrian 0.6891 1269 436 1284 451
pedestrian 0.6716 1166 755 1187 780
pedestrian 0.4584 1263 445 1279 461
bicycle 0.9008 627 293 652 310
car 0.9801 426 464 487 501
car 0.9797 276 517 350 561
car 0.9794 1298 188 1347 250
car 0.9793 344 437 412 482
car 0.9792 87 450 162 497
car 0.9791 511 492 582 537
car 0.9748 1774 954 1850 1003
car 0.9742 1429 684 1501 733
car 0.9736 1541 878 1610 927
car 0.9735 311 476 383 523
car 0.9733 1468 751 1537 796
car 0.9721 166 484 241 533
car 0.9711 1096 809 1169 853
car 0.9709 444 572 516 618
car 0.9695 879 692 934 759
car 0.9695 1097 467 1156 538
car 0.9687 1724 835 1796 881
car 0.9677 586 569 655 616
car 0.9675 275 310 355 360
car 0.9667 1328 699 1400 743
car 0.9667 1526 571 1593 615
car 0.9664 982 525 1037 593
car 0.9649 18 297 86 364
car 0.9639 207 442 281 490
car 0.9639 1241 831 1316 875
car 0.9638 1377 570 1450 614
car 0.9623 499 543 569 586
car 0.9616 22 235 93 292
car 0.9613 159 279 227 321
car 0.9595 837 877 892 948
car 0.9580 1556 784 1628 828
car 0.9574 1485 606 1558 653
car 0.9574 934 709 987 771
car 0.9565 1449 639 1522 687
car 0.9556 248 411 321 455
car 0.9538 602 528 670 572
car 0.9515 49 396 94 464
car 0.9512 1333 655 1397 698
car 0.9468 372 545 434 582
car 0.9423 1637 810 1716 856
car 0.9422 1342 603 1405 642
car 0.9412 1398 731 1460 767
car 0.9250 553 609 627 651
car 0.9132 69 364 146 400
car 0.9020 0 417 47 460
car 0.8942 844 671 895 731
car 0.4888 1822 759 1895 808
van 0.9730 83 281 155 323
van 0.9558 404 509 475 553
van 0.9466 1806 863 1895 910
van 0.9465 1170 164 1219 229
truck 0.9637 998 684 1059 764
truck 0.9636 1175 197 1261 299
truck 0.9298 1357 29 1410 94
bus 0.9765 1016 268 1152 446
bus 0.9541 351 237 509 329
bus 0.9454 642 370 792 481
motor 0.7767 189 169 216 187
