pedestrian 0.8318 815 527 830 544
pedestrian 0.8038 658 789 670 804
pedestrian 0.7674 1158 777 1182 801
pedestrian 0.7510 1116 175 1137 196
pedestrian 0.6375 1276 430 1289 444
pedestrian 0.3666 1283 421 1297 435
pedestrian 0.3369 1290 407 1304 422
bicycle 0.9184 599 278 625 296
car 0.9857 1459 549 1524 592
car 0.9826 427 464 487 501
car 0.9786 276 518 350 562
car 0.9777 312 477 384 523
car 0.9775 87 449 162 497
car 0.9771 795 748 850 811
car 0.9767 345 438 413 481
car 0.9752 1432 685 1502 733
car 0.9751 510 493 579 538
car 0.9751 275 310 353 359
car 0.9748 166 485 242 533
car 0.9724 960 561 1015 627
car 0.9722 1654 916 1721 962
car 0.9716 1767 743 1841 789
car 0.9712 1159 801 1230 843
car 0.9708 878 814 932 882
car 0.9700 446 572 517 620
car 0.9676 15 239 87 300
car 0.9674 1148 389 1210 459
car 0.9672 1468 750 1538 794
car 0.9671 499 543 569 586
car 0.9670 1377 570 1449 614
car 0.9663 250 411 322 455
car 0.9658 159 278 227 322
car 0.9657 1484 603 1561 652
car 0.9650 1328 697 1401 742
car 0.9636 50 395 95 463
car 0.9632 1443 637 1517 684
car 0.9627 586 569 653 615
car 0.9620 94 371 171 407
car 0.9614 21 302 82 369
car 0.9614 217 448 291 492
car 0.9599 837 770 890 839
car 0.9599 1343 117 1392 175
car 0.9590 1725 834 1796 880
car 0.9539 1556 783 1628 827
car 0.9523 981 639 1029 700
car 0.9521 602 528 669 572
car 0.9513 1638 809 1713 855
car 0.9491 372 545 435 582
car 0.9468 1342 603 1405 642
car 0.9460 1400 731 1462 767
car 0.9443 1309 844 1382 889
car 0.9439 1333 654 1398 700
car 0.9235 553 609 626 649
car 0.9151 1 416 47 460
car 0.8161 786 952 839 1023
car 0.6903 1875 974 1898 1027
car 0.5794 1259 92 1308 158
van 0.9757 84 283 154 326
van 0.9678 1134 217 1188 277
van 0.9496 404 509 474 553
van 0.9429 1807 862 1895 908
truck 0.9776 1057 595 1115 670
truck 0.9454 1152 234 1238 343
truck 0.8119 1392 0 1441 39
bus 0.9765 980 320 1121 501
bus 0.9696 567 338 725 438
bus 0.9000 256 208 421 297
motor 0.8446 92 148 117 167
motor 0.6716 1188 33 1206 57
motor 0.3343 1195 27 1217 54
