pedestrian 0.8828 826 511 841 527
pedestrian 0.8694 1149 793 1171 817
pedestrian 0.7394 655 785 668 799
pedestrian 0.5277 1290 408 1305 424
pedestrian 0.5086 1114 172 1135 193
pedestrian 0.4847 647 776 659 791
pedestrian 0.4214 1275 432 1290 448
pedestrian 0.4058 1285 418 1299 434
pedestrian 0.3473 1100 195 1122 215
bicycle 0.8820 567 266 591 282
car 0.9803 427 464 487 501
car 0.9800 86 449 160 496
car 0.9792 312 477 384 523
car 0.9789 276 518 350 563
car 0.9783 1433 685 1504 732
car 0.9781 510 493 580 537
car 0.9777 1714 727 1786 771
car 0.9768 345 438 413 481
car 0.9753 275 310 354 360
car 0.9746 1439 635 1513 682
car 0.9736 1405 532 1467 576
car 0.9735 1766 953 1836 1002
car 0.9728 1328 698 1401 744
car 0.9725 219 450 295 493
car 0.9722 920 736 976 810
car 0.9705 1230 796 1304 838
car 0.9702 50 394 95 463
car 0.9699 445 572 516 620
car 0.9686 499 544 569 587
car 0.9686 249 410 322 455
car 0.9685 165 484 241 533
car 0.9684 15 241 83 305
car 0.9682 1485 603 1561 650
car 0.9681 1729 834 1800 880
car 0.9671 586 570 653 615
car 0.9668 602 528 671 572
car 0.9667 747 830 803 898
car 0.9664 1470 750 1540 794
car 0.9659 1201 310 1263 376
car 0.9644 1384 51 1433 108
car 0.9618 1379 570 1450 614
car 0.9615 1023 570 1073 631
car 0.9609 159 279 225 322
car 0.9596 821 893 879 966
car 0.9588 1384 864 1459 913
car 0.9585 935 601 988 669
car 0.9542 372 545 434 583
car 0.9497 1237 132 1288 194
car 0.9496 1557 782 1629 827
car 0.9488 1341 603 1406 642
car 0.9440 781 856 838 928
car 0.9439 1400 731 1462 767
car 0.9428 1643 808 1719 855
car 0.9365 1334 654 1399 699
car 0.9345 124 379 198 416
car 0.9330 23 308 76 375
car 0.9224 1 416 47 459
car 0.9212 553 609 625 649
car 0.9048 1208 101 1259 162
car 0.8110 1291 45 1335 96
van 0.9792 84 283 154 327
van 0.9758 1102 270 1153 332
van 0.9634 1808 861 1896 909
van 0.9469 403 509 474 554
truck 0.9598 1115 505 1169 578
truck 0.9401 1130 276 1215 379
bus 0.9709 945 373 1087 557
bus 0.9579 494 310 654 409
bus 0.9472 165 179 327 267
motor 0.5481 0 118 24 143
motor 0.5429 1172 57 1191 83
motor 0.4079 1182 38 1200 63
motor 0.3646 1160 58 1182 83
