pedestrian 0.9188 1145 812 1166 835
pedestrian 0.8277 836 490 853 508
pedestrian 0.8163 647 770 660 785
pedestrian 0.8118 1295 399 1309 413
pedestrian 0.5747 1096 197 1119 219
pedestrian 0.3903 656 782 667 797
bicycle 0.9079 534 254 559 270
car 0.9828 509 491 580 537
car 0.9823 1253 226 1310 295
car 0.9813 143 381 215 421
car 0.9809 85 449 161 496
car 0.9802 311 476 383 523
car 0.9796 426 464 487 501
car 0.9795 276 518 349 562
car 0.9790 1438 633 1512 680
car 0.9780 1433 684 1504 731
car 0.9770 345 438 413 481
car 0.9747 166 485 241 533
car 0.9736 1665 711 1739 756
car 0.9736 692 917 748 984
car 0.9717 219 450 295 493
car 0.9716 1312 799 1381 841
car 0.9711 446 572 516 620
car 0.9708 249 410 322 455
car 0.9706 13 246 77 312
car 0.9693 1486 602 1563 650
car 0.9690 1328 699 1400 742
car 0.9688 49 394 94 462
car 0.9683 1730 833 1801 878
car 0.9682 499 543 568 586
car 0.9677 865 830 920 900
car 0.9669 902 653 958 719
car 0.9662 1400 730 1462 767
car 0.9654 1469 750 1539 793
car 0.9652 1467 890 1543 940
car 0.9640 587 570 653 615
car 0.9639 272 311 353 359
car 0.9590 159 279 225 322
car 0.9584 601 528 670 573
car 0.9572 1642 807 1720 855
car 0.9571 968 661 1025 731
car 0.9557 1380 571 1451 614
car 0.9521 1556 781 1629 826
car 0.9504 372 545 433 582
car 0.9455 1334 653 1399 699
car 0.9450 1358 514 1423 557
car 0.9439 1211 168 1266 232
car 0.9429 1342 602 1406 641
car 0.9321 1181 137 1233 198
car 0.9262 23 315 71 384
car 0.9172 548 609 619 648
car 0.9166 1 415 46 459
car 0.8986 1266 77 1312 129
car 0.8892 1068 501 1117 562
car 0.8560 1425 2 1472 46
car 0.8278 726 950 778 1022
car 0.3106 1880 978 1900 1029
van 0.9690 86 281 153 327
van 0.9573 1809 860 1896 908
van 0.9540 403 509 474 553
van 0.8883 1066 321 1118 385
truck 0.9746 1108 299 1195 411
truck 0.9501 1172 410 1226 479
bus 0.9780 916 425 1054 606
bus 0.9370 422 279 578 372
bus 0.9246 72 158 234 243
motor 0.4554 1171 61 1191 86
motor 0.4346 1159 67 1179 92
motor 0.3793 1157 81 1176 108
