pedestrian 0.7341 644 763 656 777
pedestrian 0.6917 1136 827 1156 853
pedestrian 0.6817 850 472 867 489
pedestrian 0.6032 1303 391 1317 407
pedestrian 0.5959 1092 201 1114 224
pedestrian 0.3763 1303 382 1319 399
pedestrian 0.3440 1085 221 1108 243
pedestrian 0.3123 655 789 667 805
bicycle 0.8717 503 248 528 266
car 0.9812 311 476 383 523
car 0.9808 507 492 577 537
car 0.9804 426 464 487 501
car 0.9801 86 449 160 496
car 0.9800 1302 150 1357 215
car 0.9793 275 518 348 562
car 0.9788 1625 697 1697 741
car 0.9778 1438 633 1512 679
car 0.9755 1433 684 1504 730
car 0.9754 344 438 410 480
car 0.9747 499 543 567 587
car 0.9732 249 410 321 455
car 0.9723 1469 749 1539 793
car 0.9716 218 449 293 493
car 0.9701 1404 811 1473 855
car 0.9695 1486 602 1562 650
car 0.9695 445 572 515 620
car 0.9681 48 395 93 462
car 0.9679 153 386 225 424
car 0.9671 1328 698 1398 741
car 0.9660 1188 202 1242 266
car 0.9659 165 485 239 533
car 0.9654 1560 921 1636 972
car 0.9636 585 569 652 615
car 0.9632 1730 832 1800 879
car 0.9629 159 279 226 321
car 0.9627 12 248 72 312
car 0.9620 908 760 964 830
car 0.9611 1014 587 1071 655
car 0.9608 864 711 920 783
car 0.9600 1556 781 1630 826
car 0.9584 1400 729 1461 766
car 0.9568 600 528 668 572
car 0.9559 1109 435 1161 493
car 0.9510 372 545 432 582
car 0.9469 1378 567 1449 611
car 0.9460 1333 653 1397 698
car 0.9451 1152 181 1204 242
car 0.9447 1639 807 1715 854
car 0.9310 1310 483 1371 534
car 0.9309 264 310 345 360
car 0.9303 1343 601 1406 640
car 0.9291 23 320 70 389
car 0.9218 553 609 625 649
car 0.9211 2 415 44 460
car 0.9031 643 1006 694 1064
car 0.8135 1236 118 1286 171
car 0.7973 1307 35 1354 95
car 0.5481 679 1041 723 1070
car 0.4926 1222 71 1277 129
van 0.9809 1032 373 1083 436
van 0.9717 81 281 152 329
van 0.9607 1806 859 1897 908
van 0.9547 403 509 474 553
truck 0.9748 1092 334 1175 443
truck 0.9411 1228 319 1282 384
truck 0.8860 791 929 846 1008
truck 0.8072 828 920 933 1053
bus 0.9647 342 249 502 343
bus 0.9416 878 479 1018 662
bus 0.9383 8 134 144 216
motor 0.5542 1158 89 1177 114
motor 0.3865 1149 112 1168 138
motor 0.3502 1166 87 1186 114
