pedestrian 0.9100 1131 847 1151 870
pedestrian 0.8072 862 449 882 467
pedestrian 0.7894 639 756 653 772
pedestrian 0.5740 1314 371 1329 388
pedestrian 0.4308 1084 223 1105 246
pedestrian 0.4149 1087 206 1107 228
pedestrian 0.3612 1077 227 1099 249
pedestrian 0.3208 1304 380 1319 395
bicycle 0.9484 468 236 494 253
bicycle 0.3894 416 229 440 245
car 0.9819 507 493 576 537
car 0.9818 311 476 383 523
car 0.9809 275 519 347 562
car 0.9803 425 464 486 501
car 0.9799 85 449 158 497
car 0.9796 1434 684 1506 731
car 0.9782 954 688 1014 755
car 0.9782 343 437 410 481
car 0.9777 1348 72 1402 138
car 0.9751 1486 600 1565 650
car 0.9750 47 395 92 462
car 0.9748 1157 362 1205 419
car 0.9744 1438 633 1513 679
car 0.9730 1589 684 1664 728
car 0.9717 444 571 514 619
car 0.9716 584 570 653 616
car 0.9713 163 485 239 533
car 0.9706 499 543 567 587
car 0.9705 158 277 225 322
car 0.9700 826 773 883 847
car 0.9695 1163 235 1217 301
car 0.9678 260 307 338 356
car 0.9674 1471 749 1540 793
car 0.9666 218 449 291 492
car 0.9666 154 386 226 425
car 0.9664 248 410 320 454
car 0.9640 601 528 668 572
car 0.9636 1328 697 1400 741
car 0.9630 1499 832 1570 875
car 0.9615 1725 830 1797 877
car 0.9594 1285 72 1332 131
car 0.9577 1061 512 1117 580
car 0.9572 1380 567 1451 611
car 0.9564 22 324 67 396
car 0.9559 1639 806 1715 852
car 0.9551 371 545 432 582
car 0.9543 1401 729 1462 765
car 0.9540 1557 781 1630 826
car 0.9529 7 251 70 320
car 0.9500 1667 958 1742 1009
car 0.9480 1212 153 1259 208
car 0.9477 1334 650 1398 694
car 0.9370 1198 106 1251 167
car 0.9330 1344 602 1408 640
car 0.9246 1289 454 1345 511
car 0.9235 1 415 42 459
car 0.9104 1122 221 1175 280
car 0.9020 547 609 619 648
van 0.9836 999 428 1051 488
van 0.9671 1807 859 1897 907
van 0.9620 72 282 143 329
van 0.9592 403 509 473 554
truck 0.9618 863 853 966 981
truck 0.9569 818 875 878 959
truck 0.9505 1075 363 1156 473
truck 0.9462 1282 225 1336 292
bus 0.9756 849 533 987 719
bus 0.9468 0 123 59 198
bus 0.9300 263 224 423 313
motor 0.4548 1140 114 1160 137
motor 0.4410 1145 95 1166 117
motor 0.4072 1122 165 1141 191
