pedestrian 0.9251 1212 676 1230 696
pedestrian 0.8407 680 841 695 856
pedestrian 0.7748 1451 945 1473 967
pedestrian 0.6868 1171 651 1186 668
pedestrian 0.6180 657 805 669 820
pedestrian 0.4925 660 809 672 825
pedestrian 0.3784 1444 941 1464 961
bicycle 0.8888 998 345 1022 365
car 0.9803 506 546 573 587
car 0.9800 1330 129 1389 197
car 0.9794 590 571 657 617
car 0.9772 515 494 586 539
car 0.9772 433 464 493 503
car 0.9758 1377 576 1449 621
car 0.9745 1630 761 1705 807
car 0.9735 95 449 166 496
car 0.9731 897 916 963 977
car 0.9726 317 477 390 525
car 0.9721 1467 760 1536 804
car 0.9714 282 516 355 562
car 0.9709 54 395 99 460
car 0.9700 1693 732 1768 778
car 0.9673 1392 46 1451 107
car 0.9669 294 420 364 463
car 0.9669 284 315 363 365
car 0.9658 1425 689 1494 737
car 0.9654 175 483 249 532
car 0.9630 752 816 803 878
car 0.9627 1209 117 1262 181
car 0.9625 449 573 521 620
car 0.9622 191 287 260 329
car 0.9606 1639 817 1711 862
car 0.9600 605 529 673 573
car 0.9595 1326 706 1402 751
car 0.9581 1341 612 1406 650
car 0.9580 1334 842 1396 881
car 0.9525 1128 398 1171 465
car 0.9524 1554 790 1628 835
car 0.9493 1723 843 1797 888
car 0.9490 555 610 625 649
car 0.9473 1489 615 1561 661
car 0.9460 1239 150 1291 210
car 0.9456 1220 323 1265 389
car 0.9446 1103 534 1143 608
car 0.9425 375 545 439 583
car 0.9412 1061 838 1131 885
car 0.9336 37 226 106 279
car 0.9150 1400 739 1460 775
car 0.9044 34 290 92 349
car 0.8869 3 360 69 398
car 0.8562 3 416 53 460
car 0.6046 610 1046 636 1067
van 0.9457 107 276 179 316
van 0.9355 1807 870 1894 919
van 0.9346 408 509 480 553
truck 0.9707 1011 601 1064 664
truck 0.9325 807 658 959 875
bus 0.9863 1090 192 1204 338
bus 0.9441 828 799 949 946
motor 0.9194 925 553 947 577
motor 0.8938 1044 317 1068 342
motor 0.7910 769 729 786 749
motor 0.3782 776 729 794 748
