pedestrian 0.8968 1120 861 1140 887
pedestrian 0.8563 872 428 892 446
pedestrian 0.6314 1328 353 1342 369
pedestrian 0.5604 629 751 641 764
pedestrian 0.5505 1089 206 1108 228
pedestrian 0.4333 1077 228 1097 250
pedestrian 0.4040 1318 361 1331 378
pedestrian 0.3939 1077 210 1096 233
pedestrian 0.3907 1084 226 1104 246
pedestrian 0.3341 653 794 667 810
pedestrian 0.3271 638 755 651 769
bicycle 0.8696 437 230 462 248
car 0.9826 508 493 577 537
car 0.9818 309 476 382 523
car 0.9810 1202 287 1252 344
car 0.9806 425 464 486 501
car 0.9799 1437 686 1507 733
car 0.9799 84 449 158 496
car 0.9792 275 519 347 562
car 0.9792 343 437 411 481
car 0.9791 155 278 223 321
car 0.9788 255 306 329 355
car 0.9779 1486 600 1566 650
car 0.9751 1142 267 1195 332
car 0.9743 1602 859 1675 905
car 0.9742 1787 997 1862 1049
car 0.9734 1439 632 1512 679
car 0.9724 444 571 514 619
car 0.9720 47 395 92 461
car 0.9706 1261 106 1309 164
car 0.9698 499 543 568 586
car 0.9697 585 569 653 615
car 0.9693 599 528 668 572
car 0.9684 162 484 238 533
car 0.9684 1004 618 1059 684
car 0.9677 1725 830 1797 878
car 0.9670 1564 677 1636 720
car 0.9662 1471 749 1541 793
car 0.9643 217 449 291 492
car 0.9641 1187 189 1235 244
car 0.9618 247 409 320 453
car 0.9617 1379 567 1450 611
car 0.9605 1328 697 1401 741
car 0.9590 1272 416 1312 474
car 0.9583 1085 266 1138 326
car 0.9565 154 387 226 425
car 0.9523 1557 780 1629 825
car 0.9521 371 545 432 582
car 0.9474 20 323 67 393
car 0.9451 6 252 67 320
car 0.9450 1170 145 1221 205
car 0.9435 787 841 840 908
car 0.9435 1335 650 1398 694
car 0.9422 1403 730 1463 766
car 0.9415 1346 601 1409 640
car 0.9377 1110 438 1164 505
car 0.9344 1393 3 1447 62
car 0.9323 1 416 41 460
car 0.9224 1643 807 1720 854
car 0.9053 546 610 619 649
van 0.9655 967 480 1018 540
van 0.9617 401 509 471 553
van 0.9574 1806 858 1896 906
van 0.9561 69 283 136 333
truck 0.9722 846 825 898 904
truck 0.9636 1069 386 1144 491
truck 0.9258 1328 140 1382 208
truck 0.9051 896 792 997 921
bus 0.9739 814 591 952 778
bus 0.9270 180 197 342 283
motor 0.5740 1134 123 1152 146
motor 0.4162 1138 120 1160 143
motor 0.3391 1122 166 1142 192
