pedestrian 0.8283 617 747 630 760
pedestrian 0.7708 1111 875 1130 897
pedestrian 0.7142 1331 345 1346 362
pedestrian 0.5406 888 408 909 425
pedestrian 0.5140 1088 211 1105 231
pedestrian 0.4184 1084 222 1103 243
pedestrian 0.3943 654 797 667 812
pedestrian 0.3922 1077 230 1097 250
pedestrian 0.3589 1337 337 1352 354
bicycle 0.5810 401 220 427 238
car 0.9820 1239 139 1289 196
car 0.9818 424 464 485 501
car 0.9811 508 492 578 537
car 0.9808 309 475 383 522
car 0.9801 275 518 347 562
car 0.9798 1437 685 1508 733
car 0.9796 84 449 158 496
car 0.9788 343 437 410 480
car 0.9775 1155 356 1209 422
car 0.9763 1486 599 1566 649
car 0.9754 47 395 92 461
car 0.9746 147 274 214 319
car 0.9727 1118 295 1172 363
car 0.9725 1247 212 1296 269
car 0.9716 244 304 325 355
car 0.9693 445 571 515 619
car 0.9686 1440 631 1514 679
car 0.9685 599 528 668 572
car 0.9681 499 542 567 586
car 0.9678 1715 889 1783 933
car 0.9677 1549 671 1622 715
car 0.9673 1045 306 1098 366
car 0.9664 218 449 291 492
car 0.9651 1051 550 1104 615
car 0.9647 161 484 238 533
car 0.9641 1471 749 1542 794
car 0.9637 585 569 653 615
car 0.9619 19 322 66 393
car 0.9615 247 409 320 453
car 0.9614 6 252 67 320
car 0.9612 1380 567 1450 611
car 0.9601 1729 831 1800 878
car 0.9568 153 387 225 425
car 0.9531 1328 697 1401 740
car 0.9512 744 914 800 989
car 0.9512 1140 183 1193 246
car 0.9484 371 545 432 583
car 0.9418 1561 781 1632 824
car 0.9416 1169 215 1217 272
car 0.9416 1267 369 1304 429
car 0.9381 1402 730 1463 767
car 0.9324 1 415 42 459
car 0.9320 1640 807 1713 852
car 0.9285 1336 650 1399 694
car 0.9067 1346 600 1409 640
car 0.9045 546 609 620 648
van 0.9611 931 533 985 596
van 0.9594 402 509 471 553
van 0.9530 1807 858 1896 906
van 0.9453 70 284 135 333
truck 0.9676 942 731 1034 856
truck 0.9458 1058 404 1137 506
truck 0.9357 1379 55 1434 121
truck 0.9156 868 774 917 851
bus 0.9502 774 652 912 838
bus 0.9311 89 170 258 257
motor 0.7010 1131 137 1148 162
motor 0.3732 1133 129 1151 152
motor 0.3664 1140 122 1162 147
