pedestrian 0.8784 1097 890 1115 915
pedestrian 0.8487 603 741 615 755
pedestrian 0.8109 900 396 919 413
pedestrian 0.5466 1075 238 1094 260
pedestrian 0.4840 1067 246 1087 267
pedestrian 0.4771 653 800 666 816
pedestrian 0.4677 1330 334 1347 353
pedestrian 0.4579 1340 333 1355 350
pedestrian 0.3826 1344 324 1359 342
bicycle 0.9195 371 211 396 228
car 0.9839 507 493 578 537
car 0.9833 1095 326 1152 392
car 0.9821 1202 276 1255 340
car 0.9813 424 464 485 501
car 0.9806 310 475 382 522
car 0.9801 135 267 207 314
car 0.9797 1825 921 1891 966
car 0.9792 82 448 157 496
car 0.9781 275 518 346 562
car 0.9773 1275 327 1313 386
car 0.9757 1486 599 1566 649
car 0.9739 342 438 409 480
car 0.9736 1438 685 1507 732
car 0.9718 999 350 1058 408
car 0.9717 1539 668 1611 712
car 0.9715 499 544 567 587
car 0.9705 598 527 668 571
car 0.9705 46 394 92 462
car 0.9674 786 925 844 1001
car 0.9673 444 571 515 619
car 0.9672 1725 830 1797 877
car 0.9650 217 449 291 492
car 0.9650 7 253 66 320
car 0.9649 1439 631 1514 679
car 0.9636 162 483 239 533
car 0.9633 1381 567 1451 611
car 0.9621 1471 749 1541 792
car 0.9596 248 409 320 454
car 0.9554 585 569 652 615
car 0.9540 153 386 224 424
car 0.9538 1220 171 1268 230
car 0.9523 1293 137 1339 194
car 0.9513 20 322 66 394
car 0.9510 1329 697 1402 740
car 0.9501 237 300 316 351
car 0.9486 371 545 432 582
car 0.9462 696 997 752 1066
car 0.9448 1103 227 1157 294
car 0.9347 1093 485 1147 548
car 0.9310 1402 730 1462 767
car 0.9304 1561 781 1633 824
car 0.9300 1 415 41 459
car 0.9274 1152 243 1200 297
car 0.9257 1230 64 1280 126
car 0.9254 1286 51 1334 114
car 0.9150 1639 806 1715 851
car 0.9144 1337 650 1399 694
car 0.9096 546 609 620 648
car 0.8956 858 946 922 1015
car 0.8944 1348 600 1410 640
van 0.9569 402 510 474 554
van 0.9446 66 287 133 337
van 0.9378 1806 858 1896 908
van 0.9374 900 585 952 648
truck 0.9652 981 661 1080 783
truck 0.9413 887 728 931 799
truck 0.8778 1046 423 1126 539
truck 0.8479 1420 2 1473 48
bus 0.9648 735 717 874 900
bus 0.9184 15 144 170 230
motor 0.6811 1119 162 1138 188
motor 0.4441 1123 154 1145 182
