pedestrian 0.9009 594 738 607 753
pedestrian 0.8476 1087 900 1106 925
pedestrian 0.6601 1344 316 1360 332
pedestrian 0.5846 1063 248 1083 269
pedestrian 0.5492 917 386 938 407
pedestrian 0.3303 1074 240 1092 264
pedestrian 0.3263 1348 292 1369 315
pedestrian 0.3229 1140 903 1158 925
pedestrian 0.3184 1080 904 1101 929
pedestrian 0.3058 652 800 665 817
bicycle 0.9208 335 200 361 217
car 0.9821 424 464 485 501
car 0.9817 81 449 156 497
car 0.9814 508 493 578 537
car 0.9794 310 475 381 523
car 0.9787 275 519 346 562
car 0.9778 342 438 409 480
car 0.9776 911 901 979 967
car 0.9775 1538 667 1610 711
car 0.9743 1486 599 1566 648
car 0.9730 1248 198 1301 260
car 0.9717 166 485 243 534
car 0.9716 123 262 194 309
car 0.9703 5 252 68 322
car 0.9703 1439 684 1508 732
car 0.9702 1439 631 1514 679
car 0.9699 1067 357 1124 427
car 0.9699 45 396 90 462
car 0.9698 1129 270 1177 330
car 0.9686 599 528 668 572
car 0.9686 444 572 515 620
car 0.9663 227 299 311 350
car 0.9659 1471 749 1541 791
car 0.9640 217 449 290 493
car 0.9638 1748 734 1821 779
car 0.9634 499 544 567 586
car 0.9632 1069 283 1122 346
car 0.9630 1336 71 1379 122
car 0.9626 585 569 653 615
car 0.9612 248 410 319 453
car 0.9607 1382 567 1452 610
car 0.9593 1724 830 1797 876
car 0.9586 16 321 64 396
car 0.9586 1288 276 1330 331
car 0.9502 1132 417 1185 480
car 0.9501 370 545 432 583
car 0.9497 1328 696 1401 740
car 0.9475 150 385 222 422
car 0.9427 1201 200 1248 258
car 0.9422 945 386 1006 439
car 0.9267 1336 650 1397 693
car 0.9219 1557 780 1629 824
car 0.9176 1403 730 1462 767
car 0.9147 545 609 618 649
car 0.9125 812 873 869 947
car 0.9102 1 416 41 459
car 0.9076 1639 806 1715 852
car 0.9065 1205 104 1254 163
car 0.8707 1347 600 1409 640
car 0.8633 1260 86 1311 150
van 0.9586 401 509 473 554
van 0.9510 1809 857 1895 905
van 0.9450 65 288 135 336
van 0.9182 866 640 916 705
truck 0.9700 1040 448 1117 558
truck 0.9233 898 688 943 758
truck 0.9183 1023 595 1118 713
bus 0.9726 696 785 831 978
bus 0.9699 0 130 88 206
motor 0.6122 1098 199 1115 223
motor 0.4725 1117 175 1137 201
motor 0.3437 1112 191 1131 219
motor 0.3255 1106 182 1125 208
