pedestrian 0.8456 931 372 952 392
pedestrian 0.7704 583 732 596 748
pedestrian 0.7353 1058 251 1078 271
pedestrian 0.6053 1075 914 1097 937
pedestrian 0.5699 1355 294 1372 314
pedestrian 0.4896 1350 305 1366 323
pedestrian 0.3391 1051 255 1073 278
bicycle 0.8057 302 192 328 209
car 0.9833 510 491 580 537
car 0.9777 80 449 154 496
car 0.9777 307 474 379 523
car 0.9776 341 437 408 480
car 0.9769 423 462 484 500
car 0.9767 1731 830 1804 876
car 0.9766 1297 120 1351 183
car 0.9750 273 518 345 561
car 0.9733 1489 597 1570 648
car 0.9731 1541 667 1613 710
car 0.9707 1174 348 1227 410
car 0.9703 1439 682 1510 730
car 0.9701 598 527 668 571
car 0.9696 218 295 299 344
car 0.9693 1185 229 1232 291
car 0.9679 166 484 240 533
car 0.9665 1315 215 1359 272
car 0.9657 1102 304 1153 363
car 0.9655 1443 632 1517 680
car 0.9646 42 395 87 460
car 0.9639 584 569 653 615
car 0.9629 105 255 177 301
car 0.9604 6 252 63 318
car 0.9590 1047 392 1103 460
car 0.9586 1562 780 1635 824
car 0.9582 499 543 566 586
car 0.9579 1690 713 1766 759
car 0.9577 443 571 514 620
car 0.9574 149 385 220 422
car 0.9559 1034 333 1087 395
car 0.9545 1473 749 1543 793
car 0.9532 1384 566 1455 610
car 0.9524 975 867 1043 924
car 0.9503 885 410 950 457
car 0.9502 1180 136 1231 199
car 0.9457 1246 106 1298 170
car 0.9428 368 544 430 583
car 0.9427 245 409 318 453
car 0.9397 13 320 59 392
car 0.9388 1644 805 1720 850
car 0.9385 217 447 289 490
car 0.9374 1403 731 1466 767
car 0.9292 1336 650 1400 694
car 0.9283 1331 697 1403 740
car 0.9278 838 821 892 891
car 0.9162 544 608 619 649
car 0.9033 1351 599 1413 640
car 0.8605 1 414 38 459
car 0.8567 1378 0 1423 48
car 0.6441 1316 17 1365 81
van 0.9676 830 699 880 766
van 0.9618 400 509 470 552
van 0.9487 1815 858 1897 905
van 0.9367 62 284 128 330
truck 0.9351 1037 473 1107 579
truck 0.9243 904 641 946 712
truck 0.8632 1062 522 1162 636
bus 0.9594 653 850 794 1052
bus 0.6005 0 125 20 184
motor 0.6217 1094 196 1111 221
