pedestrian 0.9198 1063 922 1083 946
pedestrian 0.8943 569 733 582 748
pedestrian 0.6943 947 361 967 379
pedestrian 0.5812 1051 252 1072 275
pedestrian 0.3657 1355 265 1374 289
bicycle 0.7486 259 176 285 193
bicycle 0.5414 268 179 292 195
car 0.9839 81 247 154 291
car 0.9828 506 490 575 536
car 0.9784 1738 831 1811 877
car 0.9768 335 437 403 480
car 0.9768 1049 850 1118 899
car 0.9758 1440 683 1512 729
car 0.9756 1003 377 1057 445
car 0.9749 1350 146 1396 202
car 0.9746 1493 597 1574 648
car 0.9743 1547 667 1621 712
car 0.9737 1347 48 1399 107
car 0.9721 78 448 151 497
car 0.9704 1658 701 1735 746
car 0.9699 419 462 480 500
car 0.9699 1569 781 1639 825
car 0.9687 300 474 376 522
car 0.9686 1650 806 1726 853
car 0.9679 597 526 666 571
car 0.9677 144 383 213 420
car 0.9661 239 407 310 451
car 0.9661 267 516 341 560
car 0.9660 1216 274 1270 336
car 0.9646 1156 176 1208 236
car 0.9623 1478 750 1549 794
car 0.9613 199 288 280 337
car 0.9606 1163 275 1213 337
car 0.9591 1075 341 1126 398
car 0.9581 816 419 883 458
car 0.9573 1026 425 1083 498
car 0.9556 584 569 651 615
car 0.9555 856 773 903 842
car 0.9554 1448 632 1522 680
car 0.9552 1386 566 1458 610
car 0.9551 1407 730 1469 767
car 0.9530 210 445 283 489
car 0.9499 160 485 236 533
car 0.9483 1351 600 1414 640
car 0.9424 1333 697 1404 741
car 0.9417 1299 48 1348 107
car 0.9396 1235 129 1286 190
car 0.9389 1 250 58 311
car 0.9374 541 608 616 648
car 0.9328 35 393 79 459
car 0.9276 1342 651 1406 694
car 0.9267 365 545 425 582
car 0.9241 495 543 562 586
car 0.9210 8 321 56 389
car 0.9206 440 573 513 620
car 0.8213 0 417 33 459
van 0.9751 789 764 842 832
van 0.9599 396 507 469 552
van 0.9523 52 282 124 330
van 0.9437 1823 858 1898 906
truck 0.9656 892 591 937 662
truck 0.9344 1030 500 1100 604
truck 0.9334 1108 453 1200 563
bus 0.9562 643 926 753 1064
motor 0.5952 1092 197 1110 222
motor 0.3180 1116 175 1137 203
