pedestrian 0.9102 1049 929 1069 956
pedestrian 0.8754 964 346 985 364
pedestrian 0.7947 1045 259 1064 282
pedestrian 0.7659 555 728 569 743
bicycle 0.8450 223 162 251 181
car 0.9868 64 243 138 285
car 0.9787 501 487 573 534
car 0.9786 1452 632 1526 680
car 0.9755 1653 697 1730 742
car 0.9747 1398 71 1441 127
car 0.9744 258 514 335 559
car 0.9735 1486 751 1555 795
car 0.9726 1127 213 1179 274
car 0.9723 178 279 257 329
car 0.9722 233 406 304 449
car 0.9702 976 423 1032 491
car 0.9683 1004 466 1060 538
car 0.9666 293 471 368 521
car 0.9660 1126 845 1202 890
car 0.9660 1750 834 1822 881
car 0.9657 1576 783 1650 828
car 0.9656 597 526 664 570
car 0.9654 1051 376 1102 435
car 0.9647 1265 193 1316 255
car 0.9643 1554 666 1629 710
car 0.9640 1502 598 1582 646
car 0.9633 68 446 144 495
car 0.9620 1340 701 1411 744
car 0.9616 1414 730 1476 767
car 0.9602 330 435 398 478
car 0.9602 738 407 803 446
car 0.9595 1342 650 1408 693
car 0.9581 136 380 210 419
car 0.9578 1443 685 1517 732
car 0.9577 1663 808 1739 855
car 0.9569 540 607 615 650
car 0.9558 434 570 506 618
car 0.9535 201 441 274 486
car 0.9533 1226 147 1277 210
car 0.9510 22 387 68 455
car 0.9434 150 480 227 530
car 0.9421 1356 599 1419 640
car 0.9307 493 542 562 586
car 0.9288 356 540 420 580
car 0.9253 579 566 647 612
car 0.9244 863 722 900 787
car 0.9241 1285 67 1338 130
car 0.9170 1138 331 1185 398
car 0.9076 810 902 865 969
car 0.9020 414 458 474 497
car 0.8975 1388 565 1460 609
car 0.8856 0 247 47 314
car 0.8743 4 312 44 384
car 0.8280 1393 0 1439 33
car 0.7586 839 985 899 1057
car 0.3525 0 416 23 458
van 0.9807 749 827 805 906
van 0.9608 1835 861 1901 907
van 0.9462 44 279 114 324
van 0.9380 388 507 460 550
truck 0.9808 860 537 915 607
truck 0.9565 1040 530 1094 634
truck 0.9518 1143 377 1242 496
bus 0.9433 640 1003 711 1067
motor 0.5445 1083 207 1104 228
motor 0.5379 1078 209 1097 231
motor 0.4230 1075 220 1094 245
motor 0.3263 1082 218 1103 241
