pedestrian 0.8499 1033 264 1052 286
pedestrian 0.8226 1034 944 1052 970
pedestrian 0.6765 980 331 1000 349
pedestrian 0.5781 528 726 542 740
bicycle 0.8778 175 141 200 158
car 0.9773 1462 630 1537 678
car 0.9769 281 467 354 516
car 0.9751 138 477 211 526
car 0.9746 1767 836 1842 884
car 0.9734 1676 810 1756 859
car 0.9725 482 537 552 579
car 0.9722 53 441 126 491
car 0.9721 1029 409 1079 472
car 0.9706 1459 682 1531 731
car 0.9701 1095 246 1154 311
car 0.9698 402 453 467 493
car 0.9696 146 266 231 315
car 0.9692 1348 699 1424 744
car 0.9681 1512 595 1592 646
car 0.9678 1117 399 1163 468
car 0.9674 572 564 643 611
car 0.9654 1567 666 1641 710
car 0.9646 344 538 412 577
car 0.9645 318 426 386 471
car 0.9613 1276 79 1330 144
car 0.9604 40 237 110 276
car 0.9594 876 946 944 1015
car 0.9588 591 521 661 567
car 0.9588 244 510 319 555
car 0.9587 1354 650 1423 694
car 0.9579 1590 783 1663 830
car 0.9578 1498 752 1567 796
car 0.9558 1313 116 1367 176
car 0.9553 1399 561 1472 608
car 0.9543 950 460 1005 532
car 0.9538 1224 854 1298 895
car 0.9523 6 383 51 452
car 0.9522 1216 163 1267 227
car 0.9503 423 568 498 617
car 0.9494 491 482 564 529
car 0.9483 1209 84 1268 151
car 0.9460 530 605 607 649
car 0.9458 218 397 292 442
car 0.9454 648 375 714 417
car 0.9361 977 509 1034 582
car 0.9348 846 824 891 895
car 0.9291 1361 597 1427 636
car 0.9288 188 437 261 482
car 0.9248 123 378 193 414
car 0.9200 1444 0 1490 44
car 0.9175 1427 732 1487 769
car 0.9172 1671 696 1748 744
car 0.9111 850 663 890 731
car 0.8622 0 235 34 306
car 0.4911 0 310 25 375
van 0.9767 702 908 758 979
van 0.9460 1855 866 1901 908
van 0.9385 378 501 451 546
van 0.9230 28 268 100 316
truck 0.9587 808 482 873 550
truck 0.9450 1044 556 1115 675
truck 0.9170 1187 299 1291 423
motor 0.5435 1072 221 1094 245
motor 0.3419 1082 206 1105 233
motor 0.3110 1076 212 1097 236
