pedestrian 0.8581 514 726 530 741
pedestrian 0.8560 1020 963 1043 990
pedestrian 0.8492 994 318 1014 338
pedestrian 0.4087 1028 267 1047 289
pedestrian 0.3576 482 714 497 729
bicycle 0.8757 132 130 157 146
car 0.9811 928 503 984 576
car 0.9793 1595 786 1671 834
car 0.9791 826 604 872 673
car 0.9778 1352 702 1426 747
car 0.9766 478 538 550 581
car 0.9755 1680 810 1765 863
car 0.9748 132 260 215 312
car 0.9739 1464 686 1535 733
car 0.9734 1359 38 1415 102
car 0.9730 1005 451 1055 515
car 0.9724 1517 597 1599 647
car 0.9716 487 485 559 532
car 0.9693 919 912 987 982
car 0.9690 337 539 406 580
car 0.9681 394 455 460 494
car 0.9677 1056 288 1117 354
car 0.9671 1320 872 1396 918
car 0.9665 274 468 351 518
car 0.9624 26 233 100 272
car 0.9622 1181 124 1240 196
car 0.9621 1469 633 1543 679
car 0.9620 1263 103 1317 167
car 0.9600 590 523 660 568
car 0.9586 418 570 493 618
car 0.9585 1405 564 1477 608
car 0.9585 1777 841 1852 889
car 0.9571 42 442 118 494
car 0.9567 1429 734 1489 770
car 0.9555 208 397 281 443
car 0.9533 309 429 381 474
car 0.9528 1675 698 1756 746
car 0.9521 1575 668 1648 712
car 0.9502 570 565 639 611
car 0.9493 110 371 185 411
car 0.9492 1356 652 1425 699
car 0.9470 180 438 255 483
car 0.9454 236 513 315 558
car 0.9394 1502 754 1571 799
car 0.9339 125 479 203 527
car 0.9334 856 750 893 819
car 0.9319 555 348 622 390
car 0.9285 950 560 1005 630
car 0.9238 1113 470 1153 537
car 0.9222 1 382 43 454
car 0.9101 530 608 607 652
car 0.8812 1208 180 1258 242
car 0.8673 1367 599 1435 640
car 0.6124 0 236 25 289
van 0.9610 658 993 714 1063
van 0.9572 372 503 450 549
van 0.9446 1865 870 1899 914
van 0.8990 14 267 87 314
truck 0.9776 742 436 815 498
truck 0.9684 1226 228 1329 357
truck 0.9563 1058 596 1144 702
motor 0.8406 1069 227 1089 250
