pedestrian 0.8623 1009 977 1030 1000
pedestrian 0.7189 1016 266 1032 288
pedestrian 0.6685 489 720 503 734
pedestrian 0.5338 1014 288 1033 314
bicycle 0.6763 83 109 109 127
car 0.9789 842 681 884 757
car 0.9779 1009 318 1076 382
car 0.9774 109 250 194 300
car 0.9769 112 473 190 524
car 0.9761 792 541 847 612
car 0.9759 10 227 85 264
car 0.9751 910 539 963 612
car 0.9749 478 479 555 527
car 0.9745 1797 843 1873 893
car 0.9745 925 601 986 675
car 0.9742 961 894 1031 953
car 0.9736 169 432 244 480
car 0.9735 224 507 302 554
car 0.9735 1481 632 1555 679
car 0.9733 262 464 340 513
car 0.9733 26 436 104 488
car 0.9727 1700 811 1784 865
car 0.9712 1516 756 1587 800
car 0.9704 1156 160 1214 231
car 0.9695 198 393 273 440
car 0.9673 96 367 171 405
car 0.9664 1615 788 1692 836
car 0.9634 452 308 523 355
car 0.9634 565 565 636 611
car 0.9625 471 536 543 579
car 0.9625 1435 899 1513 948
car 0.9625 1364 702 1441 748
car 0.9604 1440 734 1503 772
car 0.9600 586 519 657 565
car 0.9583 328 537 393 576
car 0.9568 1593 668 1665 711
car 0.9563 854 947 918 1025
car 0.9536 1374 596 1441 635
car 0.9535 1125 530 1166 604
car 0.9468 1478 687 1550 733
car 0.9465 1536 598 1615 645
car 0.9423 1411 559 1485 603
car 0.9347 1367 650 1437 695
car 0.9278 390 452 453 492
car 0.9268 1693 698 1773 745
car 0.9248 1207 188 1256 251
car 0.9179 301 423 373 469
car 0.9151 531 611 609 657
car 0.9079 0 376 25 444
car 0.8849 1258 111 1313 179
car 0.8558 413 570 485 617
car 0.5594 1313 1 1369 77
car 0.3321 1410 0 1461 24
van 0.6828 981 498 1031 561
van 0.5765 5 262 72 308
van 0.5104 1883 872 1903 917
van 0.4793 361 497 438 544
truck 0.9642 667 385 738 441
truck 0.9507 1279 146 1377 271
truck 0.9262 1089 627 1190 729
motor 0.7225 1061 230 1079 253
