pedestrian 0.8700 1206 688 1226 713
pedestrian 0.8143 1505 976 1527 997
pedestrian 0.8018 684 814 698 827
pedestrian 0.7694 1183 629 1198 644
pedestrian 0.5498 660 806 671 819
bicycle 0.7009 973 352 998 371
car 0.9823 1650 716 1725 763
car 0.9799 590 571 657 616
car 0.9798 1573 742 1646 788
car 0.9790 505 544 574 587
car 0.9781 432 463 493 503
car 0.9773 1376 576 1449 620
car 0.9770 316 477 388 523
car 0.9764 954 878 1025 933
car 0.9752 281 516 355 562
car 0.9750 1468 758 1537 802
car 0.9743 697 908 749 977
car 0.9742 1333 122 1392 189
car 0.9721 94 449 165 496
car 0.9713 515 494 587 540
car 0.9699 1399 683 1464 728
car 0.9690 1327 705 1399 750
car 0.9670 173 483 247 532
car 0.9669 284 315 362 365
car 0.9667 325 428 395 476
car 0.9641 1201 210 1253 273
car 0.9625 53 396 98 461
car 0.9622 448 572 520 619
car 0.9589 33 230 103 282
car 0.9589 1237 274 1284 339
car 0.9586 1119 457 1160 526
car 0.9583 1639 816 1712 861
car 0.9578 1722 841 1797 887
car 0.9565 1143 830 1213 871
car 0.9563 1190 142 1241 207
car 0.9552 1399 737 1460 775
car 0.9536 1488 614 1561 661
car 0.9533 1341 610 1405 648
car 0.9487 605 528 675 574
car 0.9451 375 545 438 583
car 0.9451 555 609 624 649
car 0.9348 1436 864 1496 899
car 0.9346 187 286 255 328
car 0.9327 1401 31 1457 92
car 0.9297 32 291 92 349
car 0.9194 1557 790 1628 834
car 0.9126 11 357 83 398
car 0.8898 838 970 886 1032
car 0.8399 1110 580 1151 650
car 0.8281 0 415 50 459
van 0.9725 99 279 170 320
van 0.9437 1805 868 1895 918
van 0.9319 408 509 480 553
truck 0.9528 1029 565 1080 628
truck 0.8749 776 719 923 934
bus 0.9697 1062 226 1183 364
bus 0.9276 849 760 956 907
motor 0.8924 755 765 773 784
motor 0.8476 1003 344 1033 369
motor 0.7913 886 613 906 633
motor 0.3941 790 735 809 753
