pedestrian 0.8732 30 90 56 110
pedestrian 0.8568 993 995 1013 1019
pedestrian 0.7643 1014 261 1033 285
pedestrian 0.6950 463 717 478 733
pedestrian 0.3893 469 719 484 734
pedestrian 0.3674 997 261 1014 282
car 0.9788 889 571 944 645
car 0.9785 816 625 867 695
car 0.9783 898 645 959 721
car 0.9775 1126 200 1184 272
car 0.9752 1626 787 1704 837
car 0.9751 951 343 1023 396
car 0.9750 340 266 414 312
car 0.9749 1490 630 1567 677
car 0.9748 1371 702 1445 747
car 0.9746 896 896 963 970
car 0.9737 250 460 326 509
car 0.9731 1812 843 1890 894
car 0.9728 1486 684 1559 732
car 0.9717 1142 576 1191 650
car 0.9710 1372 649 1440 693
car 0.9710 3 215 65 255
car 0.9698 591 520 664 566
car 0.9693 1204 184 1255 254
car 0.9688 1004 880 1082 934
car 0.9687 570 565 642 610
car 0.9687 472 477 545 524
car 0.9684 1717 818 1797 870
car 0.9670 207 505 286 551
car 0.9633 1709 698 1788 745
car 0.9607 10 430 85 487
car 0.9577 316 532 386 574
car 0.9564 154 428 226 478
car 0.9547 461 533 535 577
car 0.9546 97 472 174 521
car 0.9544 1527 757 1599 800
car 0.9529 1378 592 1446 632
car 0.9519 1256 110 1312 180
car 0.9514 288 417 358 465
car 0.9514 376 444 442 486
car 0.9482 85 363 154 406
car 0.9479 398 563 476 613
car 0.9473 1605 666 1680 710
car 0.9441 180 386 257 436
car 0.9410 748 481 805 546
car 0.9405 1545 595 1626 644
car 0.9401 1453 734 1517 772
car 0.9283 1556 930 1638 983
car 0.9216 350 494 426 542
car 0.9196 537 609 619 659
car 0.9069 1422 557 1495 600
car 0.9056 93 242 179 292
car 0.8746 1309 9 1366 79
car 0.8653 0 251 49 299
car 0.7475 1804 674 1884 727
car 0.3529 1245 14 1304 89
car 0.3049 0 384 13 431
van 0.9785 959 542 1008 609
truck 0.9537 581 336 654 393
truck 0.9462 1125 660 1233 753
truck 0.9323 1320 68 1422 194
motor 0.7564 1049 230 1068 257
motor 0.6972 1029 266 1047 289
