pedestrian 0.7118 992 260 1008 282
pedestrian 0.6459 450 719 466 734
pedestrian 0.5061 982 1014 1003 1038
pedestrian 0.3536 1003 251 1020 275
car 0.9815 1734 820 1819 872
car 0.9807 945 850 1021 926
car 0.9782 1835 849 1900 902
car 0.9775 1093 242 1155 316
car 0.9750 1645 794 1722 842
car 0.9748 871 698 932 775
car 0.9731 789 563 839 629
car 0.9719 1382 704 1456 751
car 0.9708 1056 878 1133 926
car 0.9707 685 425 753 489
car 0.9704 3 428 73 484
car 0.9690 200 505 278 550
car 0.9683 1506 632 1581 678
car 0.9676 460 534 534 579
car 0.9674 1543 760 1616 805
car 0.9662 232 227 308 277
car 0.9634 1372 648 1439 693
car 0.9633 89 472 165 520
car 0.9606 1211 183 1259 255
car 0.9598 171 383 248 435
car 0.9595 621 531 693 577
car 0.9591 308 532 377 573
car 0.9564 1729 701 1811 749
car 0.9558 370 442 436 484
car 0.9557 1466 737 1527 775
car 0.9552 279 414 352 462
car 0.9545 1262 112 1316 180
car 0.9543 892 356 963 402
car 0.9533 1231 41 1290 110
car 0.9533 141 428 216 477
car 0.9528 1499 687 1572 734
car 0.9524 1310 13 1368 83
car 0.9513 871 608 926 682
car 0.9496 86 238 165 288
car 0.9474 563 621 638 668
car 0.9468 596 571 666 617
car 0.9452 71 360 142 403
car 0.9423 1162 608 1212 682
car 0.9408 240 461 314 507
car 0.9398 1369 586 1441 626
car 0.9367 1620 668 1695 711
car 0.9345 1691 971 1774 1026
car 0.9345 395 563 473 613
car 0.9320 344 493 422 542
car 0.9283 469 477 541 526
car 0.9152 1426 554 1501 598
car 0.9102 1561 596 1642 644
car 0.8876 1787 665 1871 719
car 0.8646 1 213 48 255
car 0.8040 0 247 42 292
van 0.9800 939 592 986 660
truck 0.9721 483 293 560 352
truck 0.8861 1178 695 1292 777
truck 0.8071 1372 12 1460 111
motor 0.8122 1044 245 1064 269
motor 0.3715 689 282 724 305
