pedestrian 0.8188 1490 127 1509 148
pedestrian 0.7212 984 246 1000 270
pedestrian 0.3951 1505 110 1524 133
pedestrian 0.3909 1489 133 1505 154
car 0.9800 109 182 186 230
car 0.9798 841 659 897 735
car 0.9780 1048 271 1122 341
car 0.9725 1267 103 1322 171
car 0.9692 1757 824 1840 877
car 0.9689 1513 628 1590 676
car 0.9686 1216 55 1275 128
car 0.9684 1660 796 1741 847
car 0.9673 999 815 1080 885
car 0.9666 747 495 801 564
car 0.9665 835 758 896 841
car 0.9639 638 586 710 633
car 0.9635 1514 687 1588 734
car 0.9628 588 631 669 680
car 0.9624 1347 572 1419 614
car 0.9615 1356 638 1431 685
car 0.9609 1561 588 1646 637
car 0.9597 813 342 895 396
car 0.9589 657 541 730 589
car 0.9580 612 368 684 435
car 0.9573 1186 642 1243 715
car 0.9527 1394 705 1470 751
car 0.9525 1858 851 1899 902
car 0.9516 1219 173 1266 243
car 0.9499 448 467 528 518
car 0.9460 290 527 365 571
car 0.9454 67 468 141 515
car 0.9452 462 534 537 580
car 0.9403 124 421 202 472
car 0.9383 1772 654 1855 705
car 0.9357 224 452 300 500
car 0.9334 1484 741 1544 778
car 0.9274 330 489 410 537
car 0.9264 179 499 260 546
car 0.9152 391 565 474 619
car 0.9123 1559 760 1635 808
car 0.9070 266 411 339 457
car 0.9069 355 437 421 479
car 0.9055 1633 666 1709 710
car 0.9040 1748 700 1827 747
car 0.9032 1422 548 1497 590
car 0.8992 1110 880 1191 921
car 0.8893 64 226 146 276
car 0.8143 1318 10 1374 79
car 0.7795 144 372 236 429
car 0.7699 44 340 111 388
car 0.6738 0 200 34 238
car 0.6255 1841 1015 1897 1069
car 0.5570 1 429 46 477
van 0.9732 911 645 960 713
truck 0.9659 383 246 460 304
truck 0.9069 1235 721 1357 800
motor 0.8269 1063 218 1082 243
motor 0.4955 1068 212 1087 237
motor 0.4324 1031 244 1052 269
