pedestrian 0.7120 1504 107 1521 131
pedestrian 0.6600 975 251 991 277
pedestrian 0.4984 1507 98 1524 121
pedestrian 0.3271 1500 100 1518 125
car 0.9857 793 824 858 905
car 0.9816 1059 802 1140 859
car 0.9779 801 727 860 804
car 0.9760 528 330 606 385
car 0.9759 1271 101 1326 169
car 0.9752 738 334 815 382
car 0.9710 285 526 360 570
car 0.9705 1206 674 1270 750
car 0.9692 146 376 227 428
car 0.9690 174 499 257 546
car 0.9675 115 420 194 470
car 0.9667 992 310 1073 376
car 0.9667 623 642 704 692
car 0.9662 1759 827 1844 878
car 0.9627 1177 882 1248 920
car 0.9624 1199 81 1260 156
car 0.9622 39 348 114 395
car 0.9618 451 468 530 521
car 0.9613 1663 797 1746 847
car 0.9604 258 408 331 454
car 0.9585 1513 687 1585 734
car 0.9562 5 150 73 196
car 0.9550 1564 765 1640 811
car 0.9528 1483 741 1546 781
car 0.9511 697 606 768 653
car 0.9510 64 468 139 515
car 0.9503 1392 705 1473 752
car 0.9496 1399 539 1472 581
car 0.9487 59 226 142 277
car 0.9469 1538 579 1622 630
car 0.9454 705 448 761 512
car 0.9449 493 544 574 595
car 0.9433 1302 557 1373 599
car 0.9423 223 458 299 503
car 0.9405 410 572 495 626
car 0.9398 1220 172 1267 243
car 0.9388 338 492 421 541
car 0.9374 1328 632 1400 676
car 0.9353 1624 663 1702 709
car 0.9311 350 437 419 481
car 0.9201 723 565 794 612
car 0.9188 1743 646 1828 695
car 0.9181 1866 852 1900 904
car 0.9173 1751 702 1836 751
car 0.9152 1498 625 1574 671
car 0.8242 1317 12 1374 80
car 0.7411 1 430 42 477
car 0.4423 0 199 25 237
van 0.9856 873 708 925 776
truck 0.9819 285 214 362 270
truck 0.9232 1299 745 1424 820
motor 0.7471 1021 267 1037 291
motor 0.7297 1080 195 1096 217
motor 0.3140 1028 258 1047 281
