pedestrian 0.8226 964 256 978 277
pedestrian 0.4493 1514 91 1533 115
car 0.9825 1118 795 1198 843
car 0.9808 442 288 525 345
car 0.9808 1272 98 1327 168
car 0.9803 1186 106 1244 175
car 0.9783 761 629 831 675
car 0.9742 652 309 728 356
car 0.9737 1243 711 1313 779
car 0.9719 748 896 812 978
car 0.9710 753 797 817 877
car 0.9703 1242 537 1314 579
car 0.9699 1668 796 1750 845
car 0.9690 468 473 545 524
car 0.9674 670 657 748 705
car 0.9669 1762 825 1844 875
car 0.9667 286 524 358 566
car 0.9652 937 330 1026 391
car 0.9622 1397 704 1472 751
car 0.9611 1562 759 1639 807
car 0.9607 174 496 256 544
car 0.9598 1466 609 1545 658
car 0.9594 552 559 628 609
car 0.9572 1287 616 1363 662
car 0.9569 1489 677 1567 724
car 0.9565 116 418 193 468
car 0.9564 148 374 226 424
car 0.9560 366 500 447 548
car 0.9553 1517 568 1604 620
car 0.9552 650 405 714 461
car 0.9535 455 583 540 634
car 0.9524 59 222 142 274
car 0.9523 256 406 331 453
car 0.9512 218 453 297 499
car 0.9487 354 436 420 477
car 0.9436 809 592 884 640
car 0.9435 41 346 116 391
car 0.9398 1245 883 1321 923
car 0.9386 63 464 138 513
car 0.9380 1221 171 1268 243
car 0.9378 1711 632 1794 685
car 0.9364 1753 701 1838 747
car 0.9205 1359 521 1433 565
car 0.8990 1319 8 1375 77
car 0.8974 1865 850 1899 899
car 0.8923 1611 657 1687 701
car 0.8897 1485 737 1544 775
car 0.6438 1263 3 1316 70
car 0.4527 0 197 25 237
van 0.9431 837 775 890 848
truck 0.9742 185 180 265 236
truck 0.8646 1374 765 1490 836
motor 0.8203 999 282 1019 306
