pedestrian 0.7387 948 252 961 274
pedestrian 0.6980 1520 71 1536 95
pedestrian 0.6795 1516 79 1533 103
car 0.9792 1273 97 1327 168
car 0.9763 730 672 812 723
car 0.9759 1175 123 1235 193
car 0.9753 1670 794 1751 845
car 0.9740 561 273 639 322
car 0.9726 1186 796 1265 842
car 0.9696 869 345 961 399
car 0.9684 1300 746 1375 807
car 0.9665 1452 664 1530 714
car 0.9662 361 258 441 311
car 0.9655 1763 824 1844 873
car 0.9608 1423 592 1501 640
car 0.9597 628 582 705 629
car 0.9573 595 374 664 423
car 0.9553 1484 737 1548 776
car 0.9553 360 436 428 478
car 0.9528 510 483 592 533
car 0.9511 699 971 766 1057
car 0.9504 1222 168 1270 241
car 0.9485 222 452 299 497
car 0.9479 291 522 363 565
car 0.9471 1591 647 1670 694
car 0.9460 177 495 258 542
car 0.9459 1565 758 1640 805
car 0.9444 835 653 905 700
car 0.9420 1791 767 1868 816
car 0.9394 1401 705 1475 749
car 0.9390 697 888 760 970
car 0.9381 1865 848 1900 897
car 0.9374 62 461 139 509
car 0.9362 150 372 228 423
car 0.9333 260 405 333 451
car 0.9328 59 222 142 271
car 0.9325 520 601 604 654
car 0.9306 1755 698 1838 746
car 0.9304 119 416 194 467
car 0.9299 1318 5 1377 76
car 0.9285 1245 23 1304 100
car 0.9285 1313 505 1382 546
car 0.9204 910 631 985 678
car 0.9173 1324 893 1402 938
car 0.9165 1232 596 1308 644
car 0.9063 1492 558 1579 607
car 0.9058 1173 515 1244 557
car 0.9007 411 512 493 559
car 0.8860 42 341 117 386
car 0.7762 1669 618 1754 668
van 0.9797 796 848 849 919
truck 0.9814 80 148 160 203
truck 0.8825 1436 784 1556 855
motor 0.8694 977 293 995 316
