ignored-regions 0.8580 1178 58 1198 73
pedestrian 0.6954 211 398 224 409
pedestrian 0.6664 295 347 307 357
pedestrian 0.3843 341 82 355 98
car 0.9890 1134 132 1167 153
car 0.9781 926 448 958 477
car 0.9768 251 354 283 377
car 0.9753 39 143 70 167
car 0.9698 922 419 953 445
car 0.9685 557 314 578 345
car 0.9680 846 282 882 300
car 0.9680 850 478 883 503
car 0.9650 608 553 635 589
car 0.9630 338 137 361 170
car 0.9620 255 473 293 497
car 0.9601 392 150 414 190
car 0.9562 149 437 183 459
car 0.9561 521 305 546 339
car 0.9551 0 440 28 476
car 0.9478 273 399 305 421
car 0.9242 756 291 787 308
car 0.9235 593 411 612 440
car 0.9061 1174 498 1190 530
car 0.4165 441 2 470 24
van 0.9801 656 669 681 704
van 0.9798 788 121 820 149
van 0.9790 1230 221 1270 245
van 0.9737 860 506 893 534
van 0.9727 529 246 552 276
van 0.9689 1129 538 1156 556
van 0.9636 371 96 393 127
van 0.9604 1107 513 1138 534
van 0.9568 1298 215 1336 237
van 0.9568 500 151 523 186
van 0.9475 979 174 1012 190
van 0.9414 795 283 827 299
van 0.9366 1161 444 1180 477
van 0.9123 584 617 603 646
van 0.9110 327 95 350 132
truck 0.9726 951 108 975 136
truck 0.9704 339 446 378 469
truck 0.9449 1276 88 1313 114
truck 0.8935 301 459 333 479
awning-tricycle 0.9087 993 118 1010 141
awning-tricycle 0.8529 619 497 633 519
awning-tricycle 0.7902 600 381 617 405
awning-tricycle 0.3375 604 471 614 488
bus 0.9182 967 222 1053 245
motor 0.8720 446 251 463 274
motor 0.8690 471 55 486 72
motor 0.8679 817 494 834 508
motor 0.8562 530 452 543 467
motor 0.7195 474 84 489 101
motor 0.6195 659 735 672 751
motor 0.3068 584 443 594 457
others 0.8716 543 370 569 410
