ignored-regions 0.8897 1179 58 1198 73
pedestrian 0.6954 207 400 219 410
pedestrian 0.6361 295 350 307 359
pedestrian 0.5942 344 83 356 97
car 0.9878 1135 132 1167 153
car 0.9848 917 457 951 484
car 0.9812 528 319 552 359
car 0.9803 906 431 941 458
car 0.9769 607 552 636 587
car 0.9727 252 354 284 378
car 0.9692 392 151 414 191
car 0.9690 847 281 883 299
car 0.9686 40 146 71 169
car 0.9662 0 442 28 476
car 0.9649 339 139 362 172
car 0.9646 542 277 566 311
car 0.9639 850 478 884 503
car 0.9561 254 473 294 498
car 0.9469 756 291 787 308
car 0.9435 149 437 184 460
car 0.9298 257 407 289 430
car 0.9043 1175 496 1191 528
car 0.8445 577 368 594 397
van 0.9793 788 121 819 148
van 0.9752 860 506 894 533
van 0.9721 651 653 676 688
van 0.9717 516 210 538 239
van 0.9678 1268 222 1304 244
van 0.9672 1193 231 1231 253
van 0.9645 372 97 393 128
van 0.9634 487 116 510 148
van 0.9591 1130 538 1158 556
van 0.9590 1109 513 1140 534
van 0.9501 1161 443 1181 476
van 0.9488 979 174 1012 190
van 0.9463 796 283 826 299
van 0.9159 328 97 349 134
van 0.8495 600 666 620 695
truck 0.9783 341 447 380 470
truck 0.9693 950 108 975 135
truck 0.9673 1275 87 1312 112
truck 0.9461 302 460 334 479
awning-tricycle 0.9024 993 117 1011 140
awning-tricycle 0.8982 591 353 606 375
awning-tricycle 0.8959 612 473 626 491
awning-tricycle 0.3074 630 466 641 479
bus 0.9351 967 222 1053 244
motor 0.9295 509 436 523 451
motor 0.9278 456 19 470 36
motor 0.8786 441 235 457 263
motor 0.8317 818 493 835 507
motor 0.7917 470 55 484 70
motor 0.6236 654 722 666 736
motor 0.3434 815 488 831 502
others 0.9018 551 387 578 431
