ignored-regions 0.9108 1179 58 1198 73
pedestrian 0.8471 203 404 216 414
pedestrian 0.6889 298 349 310 360
pedestrian 0.4937 343 84 356 98
pedestrian 0.4395 297 353 309 363
car 0.9871 1135 132 1167 152
car 0.9789 253 355 284 380
car 0.9749 608 553 636 588
car 0.9705 847 282 883 299
car 0.9683 1 443 29 478
car 0.9681 899 439 932 465
car 0.9665 914 460 947 489
car 0.9665 393 153 415 191
car 0.9664 529 243 552 277
car 0.9636 338 141 362 172
car 0.9630 851 478 884 504
car 0.9615 757 291 787 308
car 0.9587 257 473 296 499
car 0.9580 149 438 184 461
car 0.9520 534 340 557 377
car 0.9399 40 146 71 170
car 0.9335 244 414 275 440
car 0.9303 560 331 580 358
car 0.8706 1176 496 1191 526
van 0.9831 788 122 820 148
van 0.9808 1153 240 1191 262
van 0.9751 1234 230 1275 250
van 0.9738 860 507 894 534
van 0.9649 372 99 393 130
van 0.9635 647 635 671 671
van 0.9605 504 176 526 202
van 0.9516 1110 512 1140 532
van 0.9483 980 174 1012 189
van 0.9478 796 284 826 299
van 0.9435 1161 442 1181 476
van 0.9271 328 99 349 136
van 0.9159 476 84 497 113
van 0.9077 1133 538 1160 556
van 0.7345 617 721 637 749
truck 0.9804 342 447 380 472
truck 0.9701 1275 86 1313 112
truck 0.9673 951 108 976 136
truck 0.9427 303 460 336 480
awning-tricycle 0.9020 994 117 1011 140
awning-tricycle 0.9002 698 712 714 733
awning-tricycle 0.8631 579 321 594 342
awning-tricycle 0.5031 603 442 616 461
bus 0.9368 968 221 1053 243
motor 0.9343 463 24 476 42
motor 0.8078 436 221 452 247
motor 0.8007 819 493 836 507
motor 0.7967 484 421 499 437
motor 0.6688 646 710 658 725
others 0.8164 560 411 587 453
