ignored-regions 0.8963 1179 56 1197 71
pedestrian 0.8533 196 407 209 417
pedestrian 0.7247 304 348 315 358
pedestrian 0.6057 346 90 358 104
pedestrian 0.3663 351 91 362 102
pedestrian 0.3269 313 344 326 354
car 0.9839 1134 131 1168 151
car 0.9814 606 549 634 584
car 0.9774 253 355 285 379
car 0.9726 392 152 414 191
car 0.9709 515 205 539 237
car 0.9704 1 443 28 478
car 0.9638 847 281 883 298
car 0.9622 913 460 947 488
car 0.9609 851 478 884 503
car 0.9600 338 140 362 171
car 0.9537 257 472 296 498
car 0.9489 542 359 566 398
car 0.9424 150 438 184 461
car 0.9415 39 149 71 172
car 0.9368 756 290 787 308
car 0.9036 223 426 255 449
car 0.8839 1175 493 1191 523
car 0.8825 894 442 926 467
car 0.8093 548 295 566 322
car 0.4078 903 446 937 474
car 0.3017 214 425 245 443
van 0.9795 788 121 819 148
van 0.9788 861 506 895 533
van 0.9779 1202 233 1242 255
van 0.9767 463 48 486 81
van 0.9670 640 620 664 655
van 0.9586 372 98 392 129
van 0.9483 1114 246 1150 268
van 0.9461 1161 441 1181 475
van 0.9401 796 283 826 298
van 0.9401 1110 511 1139 531
van 0.9286 980 173 1012 189
van 0.9158 490 139 510 166
van 0.9112 1131 537 1157 555
van 0.8956 328 98 348 135
van 0.8210 1300 218 1334 240
truck 0.9775 342 447 380 470
truck 0.9753 1274 85 1313 110
truck 0.9544 302 460 334 480
truck 0.9532 950 108 975 134
awning-tricycle 0.9430 690 675 704 697
awning-tricycle 0.9029 993 117 1011 139
awning-tricycle 0.8724 592 417 607 438
awning-tricycle 0.4878 566 288 581 309
bus 0.9301 967 220 1054 242
motor 0.8592 636 695 648 708
motor 0.8225 428 208 447 235
motor 0.7963 819 495 836 507
motor 0.7826 457 412 474 425
motor 0.7103 456 0 468 9
motor 0.3784 424 203 442 230
others 0.9306 567 426 597 465
