pedestrian 0.8551 1205 697 1224 719
pedestrian 0.8133 1559 1004 1581 1024
pedestrian 0.7887 694 783 709 802
pedestrian 0.7095 1191 613 1205 627
pedestrian 0.6517 658 805 669 820
pedestrian 0.3482 1203 564 1219 581
bicycle 0.5409 936 356 962 373
car 0.9802 589 571 657 616
car 0.9789 431 463 492 503
car 0.9788 504 544 573 587
car 0.9785 344 435 413 481
car 0.9784 1468 758 1538 801
car 0.9783 280 515 355 562
car 0.9768 1376 574 1450 620
car 0.9768 1257 228 1303 290
car 0.9746 315 477 387 524
car 0.9741 515 493 586 540
car 0.9738 93 447 164 496
car 0.9729 282 311 360 362
car 0.9723 1344 107 1404 172
car 0.9711 32 356 106 397
car 0.9680 175 484 247 532
car 0.9671 1171 176 1225 242
car 0.9669 1614 703 1692 752
car 0.9661 1722 840 1798 887
car 0.9655 52 397 98 461
car 0.9645 448 572 520 619
car 0.9629 873 909 923 972
car 0.9629 1118 630 1164 700
car 0.9613 1489 614 1562 661
car 0.9573 1156 271 1211 336
car 0.9566 1329 705 1401 749
car 0.9563 1416 14 1471 70
car 0.9560 1543 892 1607 929
car 0.9551 1116 512 1155 579
car 0.9538 32 230 102 282
car 0.9531 184 287 254 328
car 0.9527 1528 726 1601 773
car 0.9524 1374 675 1441 719
car 0.9500 1341 608 1406 647
car 0.9496 1025 859 1095 907
car 0.9493 375 545 439 583
car 0.9483 1638 816 1713 861
car 0.9478 1398 736 1460 774
car 0.9477 1557 790 1629 835
car 0.9452 605 528 675 574
car 0.9431 1245 840 1315 880
car 0.9341 554 609 624 648
car 0.9125 29 289 92 351
car 0.8764 0 415 50 459
car 0.8311 649 1007 698 1065
car 0.7130 1294 65 1349 127
car 0.6816 786 958 843 1032
van 0.9727 95 280 165 321
van 0.9439 1806 868 1894 918
van 0.9308 407 509 479 554
truck 0.9603 731 779 880 997
truck 0.9269 1051 528 1099 592
bus 0.9834 1030 257 1154 392
bus 0.9694 868 727 971 876
motor 0.8930 847 678 866 697
motor 0.7624 737 806 757 832
motor 0.7468 954 366 979 384
motor 0.3555 968 365 992 387
