ignored-regions 0.8707 1178 57 1196 71
pedestrian 0.5873 318 343 330 353
pedestrian 0.5451 307 347 319 357
pedestrian 0.5424 352 100 364 113
pedestrian 0.5131 197 416 212 425
pedestrian 0.3386 189 406 201 416
pedestrian 0.3322 191 410 204 420
car 0.9772 392 153 414 191
car 0.9770 600 539 630 573
car 0.9768 252 355 285 378
car 0.9759 1134 131 1167 151
car 0.9752 549 381 574 417
car 0.9716 1 444 29 478
car 0.9701 913 460 947 488
car 0.9652 337 140 361 171
car 0.9642 846 280 882 297
car 0.9626 500 167 523 200
car 0.9605 257 473 296 500
car 0.9583 889 445 920 471
car 0.9540 851 477 884 502
car 0.9451 40 149 72 172
car 0.9371 375 12 398 42
car 0.9348 150 439 185 461
car 0.9082 204 438 234 462
car 0.9056 533 259 554 286
car 0.8953 756 290 786 307
car 0.8717 1178 494 1194 524
car 0.5326 903 457 935 485
van 0.9808 862 506 895 533
van 0.9801 1249 234 1284 256
van 0.9729 787 120 819 148
van 0.9658 1075 253 1112 273
van 0.9608 636 607 661 642
van 0.9595 478 104 497 131
van 0.9568 449 13 472 46
van 0.9549 1110 510 1139 529
van 0.9488 1166 237 1206 258
van 0.9450 371 98 392 129
van 0.9423 796 282 826 298
van 0.9169 1161 440 1180 474
van 0.8961 1133 536 1160 553
van 0.8800 979 173 1011 189
van 0.8240 329 98 350 134
truck 0.9793 1275 85 1313 110
truck 0.9775 341 447 381 471
truck 0.9595 949 105 974 132
truck 0.9545 303 460 335 480
awning-tricycle 0.9515 680 638 695 659
awning-tricycle 0.9067 992 116 1010 139
awning-tricycle 0.8474 555 257 571 279
awning-tricycle 0.8354 412 0 428 20
awning-tricycle 0.6944 584 385 596 405
bus 0.9233 967 219 1052 241
motor 0.7961 425 201 445 228
motor 0.7890 427 408 444 422
motor 0.7679 818 494 837 508
motor 0.7123 627 683 639 696
motor 0.5086 1082 169 1097 182
others 0.8749 576 441 606 481
