ignored-regions 0.8129 1179 56 1197 69
pedestrian 0.7427 352 106 363 120
pedestrian 0.7104 315 345 328 354
pedestrian 0.6129 186 415 199 426
pedestrian 0.3736 308 346 321 356
pedestrian 0.3649 187 410 199 421
car 0.9850 588 519 616 555
car 0.9778 393 152 416 192
car 0.9765 557 401 583 438
car 0.9741 253 356 285 379
car 0.9731 913 460 947 487
car 0.9723 258 473 297 499
car 0.9701 847 280 883 298
car 0.9666 1 444 31 478
car 0.9657 1134 130 1167 151
car 0.9643 888 446 919 472
car 0.9637 487 131 509 162
car 0.9577 854 476 886 503
car 0.9546 338 140 361 172
car 0.9475 41 149 72 173
car 0.9408 151 439 185 463
car 0.9294 390 56 415 89
car 0.8979 756 290 787 307
car 0.8830 520 222 540 251
car 0.8733 1175 492 1192 523
car 0.8458 182 450 213 473
van 0.9875 1202 253 1237 277
van 0.9866 1135 243 1174 265
van 0.9820 862 505 895 533
van 0.9723 788 120 818 148
van 0.9648 1036 256 1074 275
van 0.9636 628 592 655 627
van 0.9438 1161 438 1183 471
van 0.9386 796 282 827 297
van 0.9340 1110 510 1139 530
van 0.9292 371 98 393 128
van 0.9222 466 67 485 96
van 0.9198 1133 535 1160 553
van 0.8811 980 172 1011 188
van 0.8433 329 99 350 136
van 0.5846 438 0 459 17
truck 0.9765 342 447 382 472
truck 0.9756 1275 83 1314 109
truck 0.9657 949 104 976 132
truck 0.9562 304 459 336 480
awning-tricycle 0.9129 993 116 1011 138
awning-tricycle 0.8874 670 602 685 622
awning-tricycle 0.8530 574 358 587 380
awning-tricycle 0.7275 423 23 440 52
awning-tricycle 0.7209 543 223 558 244
bus 0.9237 969 219 1053 242
motor 0.8527 397 407 414 421
motor 0.8100 621 669 632 685
motor 0.8040 425 200 444 226
motor 0.7298 819 493 837 508
motor 0.6066 1081 162 1095 175
motor 0.4520 618 663 627 676
others 0.9378 588 460 618 499
