ignored-regions 0.6166 1178 55 1196 69
pedestrian 0.8401 179 420 191 430
pedestrian 0.7089 318 344 331 353
pedestrian 0.4869 353 117 364 130
pedestrian 0.4836 933 168 949 178
pedestrian 0.4293 354 109 367 124
pedestrian 0.3180 332 343 344 352
car 0.9755 564 419 592 458
car 0.9750 393 152 414 192
car 0.9734 252 355 284 379
car 0.9693 568 499 599 535
car 0.9678 913 460 946 487
car 0.9673 1134 130 1167 151
car 0.9662 846 279 883 297
car 0.9658 1 444 30 479
car 0.9657 257 473 296 500
car 0.9607 472 93 496 124
car 0.9600 888 446 919 472
car 0.9587 337 141 361 171
car 0.9573 404 96 429 129
car 0.9493 40 149 72 173
car 0.9493 854 475 887 502
car 0.9362 155 463 186 484
car 0.9311 151 440 185 463
car 0.8682 757 288 787 306
car 0.8624 1178 494 1194 524
car 0.8326 504 181 526 213
van 0.9873 1155 276 1189 298
van 0.9803 862 505 895 533
van 0.9731 453 30 475 61
van 0.9713 788 119 819 147
van 0.9647 1000 259 1036 275
van 0.9564 1101 249 1141 270
van 0.9463 796 282 827 297
van 0.9451 1161 439 1183 471
van 0.9303 1110 510 1139 528
van 0.9231 371 99 395 130
van 0.9139 1132 536 1160 553
van 0.8891 327 99 349 136
van 0.8693 620 577 647 615
van 0.8628 978 171 1010 187
truck 0.9831 1273 82 1313 108
truck 0.9807 342 447 381 472
truck 0.9698 949 104 974 132
truck 0.9574 302 460 336 481
awning-tricycle 0.9178 432 51 451 81
awning-tricycle 0.9165 992 116 1010 138
awning-tricycle 0.9002 561 331 576 352
awning-tricycle 0.8908 533 196 546 216
awning-tricycle 0.8694 659 567 674 587
bus 0.8850 967 219 1052 242
motor 0.8161 368 408 385 423
motor 0.8059 424 196 442 224
motor 0.7609 818 494 837 508
motor 0.7290 608 651 620 667
motor 0.6925 1079 162 1091 175
others 0.7410 593 473 627 515
