ignored-regions 0.5636 1179 53 1196 67
pedestrian 0.8973 177 421 190 432
pedestrian 0.7656 353 124 364 136
pedestrian 0.7575 320 345 333 354
pedestrian 0.6815 938 164 953 173
pedestrian 0.4030 942 162 957 171
pedestrian 0.3831 331 342 344 352
pedestrian 0.3521 948 152 963 163
car 0.9818 546 474 578 509
car 0.9740 417 132 443 168
car 0.9725 913 459 946 486
car 0.9719 390 152 414 193
car 0.9712 845 278 882 297
car 0.9702 251 356 284 379
car 0.9659 127 474 159 496
car 0.9628 40 150 70 173
car 0.9625 1 446 30 480
car 0.9618 337 141 360 173
car 0.9614 257 474 296 500
car 0.9606 152 442 185 463
car 0.9503 850 475 884 501
car 0.9455 1131 128 1165 150
car 0.9443 460 57 482 88
car 0.9442 575 437 603 472
car 0.9404 888 445 919 472
car 0.8796 1176 492 1191 523
car 0.8632 756 290 787 307
car 0.8438 488 142 509 168
van 0.9831 1111 295 1147 318
van 0.9794 862 504 894 531
van 0.9718 1070 253 1110 273
van 0.9703 786 118 817 146
van 0.9580 606 559 634 593
van 0.9437 795 281 827 297
van 0.9392 1110 510 1138 528
van 0.9388 960 257 996 274
van 0.9387 979 170 1009 186
van 0.9385 1161 438 1183 471
van 0.9219 370 99 392 128
van 0.9167 1133 535 1160 552
van 0.8873 326 99 348 137
van 0.8849 438 0 461 25
truck 0.9808 1273 81 1313 108
truck 0.9796 341 447 381 472
truck 0.9739 949 104 973 131
truck 0.9502 302 460 336 481
awning-tricycle 0.9372 14 569 38 585
awning-tricycle 0.9122 992 115 1010 138
awning-tricycle 0.8922 647 530 662 551
awning-tricycle 0.8606 551 302 564 321
awning-tricycle 0.8294 517 162 534 186
awning-tricycle 0.6544 441 80 460 111
bus 0.9078 963 219 1045 240
motor 0.9374 338 416 354 429
motor 0.8624 601 639 613 652
motor 0.7985 818 494 836 508
motor 0.7944 423 197 440 223
motor 0.7645 1077 161 1091 173
motor 0.3639 1080 162 1097 176
others 0.8845 604 493 639 533
