ignored-regions 0.6161 1178 53 1196 67
pedestrian 0.8832 354 129 366 141
pedestrian 0.8228 323 343 335 353
pedestrian 0.8086 943 164 959 174
pedestrian 0.7863 172 424 185 434
pedestrian 0.5558 169 427 183 438
pedestrian 0.4429 330 341 344 351
pedestrian 0.3795 940 167 955 176
pedestrian 0.3794 948 153 964 164
car 0.9750 584 453 613 489
car 0.9717 251 355 284 379
car 0.9662 258 473 296 499
car 0.9653 431 170 456 203
car 0.9648 389 154 413 191
car 0.9631 1131 127 1165 149
car 0.9612 519 450 554 485
car 0.9608 337 141 360 173
car 0.9592 41 150 71 173
car 0.9580 1 445 30 480
car 0.9571 845 278 881 296
car 0.9542 888 446 919 472
car 0.9495 851 475 884 501
car 0.9489 93 487 124 507
car 0.9321 447 24 471 54
car 0.9262 151 440 185 463
car 0.9229 910 463 942 490
car 0.9092 1176 495 1191 526
car 0.8811 755 290 787 307
car 0.7711 476 104 497 132
car 0.5984 387 0 412 12
van 0.9836 923 253 961 271
van 0.9769 861 504 894 531
van 0.9705 786 118 817 146
van 0.9670 1076 314 1109 340
van 0.9595 1109 510 1138 528
van 0.9529 795 280 828 297
van 0.9459 1041 254 1080 273
van 0.9441 589 539 618 572
van 0.9340 978 170 1009 185
van 0.9316 371 98 392 128
van 0.9232 1161 438 1183 471
van 0.9141 1133 535 1160 552
van 0.9099 326 98 348 137
truck 0.9794 1272 80 1312 107
truck 0.9793 341 447 381 472
truck 0.9722 949 104 974 131
truck 0.9562 302 459 336 480
awning-tricycle 0.9329 539 272 554 293
awning-tricycle 0.9259 58 558 81 573
awning-tricycle 0.9116 991 115 1009 138
awning-tricycle 0.8299 454 114 474 144
awning-tricycle 0.8257 506 132 522 158
awning-tricycle 0.6917 632 497 649 517
bus 0.9300 961 218 1045 239
motor 0.8752 590 623 602 638
motor 0.8425 817 494 835 507
motor 0.8165 1077 159 1091 172
motor 0.8087 308 424 324 438
motor 0.7161 423 202 440 228
motor 0.4759 429 201 446 226
motor 0.3884 595 629 605 643
others 0.8483 615 509 652 549
others 0.3410 625 522 648 551
