ignored-regions 0.6661 1178 52 1197 67
pedestrian 0.7163 166 427 179 439
pedestrian 0.6582 354 135 368 153
pedestrian 0.6430 950 163 967 172
pedestrian 0.6418 323 342 337 352
pedestrian 0.5637 332 341 345 351
pedestrian 0.5380 357 132 368 144
pedestrian 0.3668 953 152 971 163
car 0.9733 488 431 523 461
car 0.9723 845 278 881 296
car 0.9714 252 355 285 379
car 0.9702 58 497 91 517
car 0.9693 908 463 941 491
car 0.9656 390 153 413 191
car 0.9654 258 474 296 499
car 0.9648 1131 127 1164 149
car 0.9559 337 140 360 173
car 0.9531 40 149 71 172
car 0.9519 444 203 468 241
car 0.9428 393 2 420 35
car 0.9417 1 445 31 479
car 0.9383 597 471 624 504
car 0.9363 888 445 920 471
car 0.9335 851 475 884 501
car 0.9002 151 440 185 462
car 0.8788 464 68 486 96
car 0.8761 1176 498 1191 529
car 0.8594 755 288 787 306
car 0.8058 436 0 458 23
van 0.9792 861 504 894 531
van 0.9759 887 251 925 269
van 0.9753 1009 256 1051 273
van 0.9675 1048 331 1080 357
van 0.9647 785 117 817 146
van 0.9629 371 97 392 127
van 0.9540 569 515 600 548
van 0.9462 1109 510 1138 527
van 0.9413 1160 438 1184 471
van 0.9378 326 98 348 135
van 0.9343 795 280 827 296
van 0.9326 979 169 1009 185
van 0.9284 1133 535 1160 551
truck 0.9819 343 447 381 472
truck 0.9787 1273 80 1313 107
truck 0.9733 949 103 974 131
truck 0.9623 303 459 336 480
awning-tricycle 0.9136 530 243 543 263
awning-tricycle 0.9024 991 115 1010 138
awning-tricycle 0.8964 98 545 122 560
awning-tricycle 0.8575 496 103 511 126
awning-tricycle 0.7392 623 460 636 478
awning-tricycle 0.6518 464 144 480 172
bus 0.9524 958 218 1042 239
motor 0.8858 278 433 293 446
motor 0.8083 817 494 833 507
motor 0.8071 1076 158 1090 171
motor 0.6885 423 200 439 225
motor 0.6809 583 606 594 620
motor 0.5428 434 201 450 230
motor 0.5105 439 204 462 238
motor 0.4901 412 55 425 77
motor 0.3317 242 427 258 440
others 0.9209 632 530 667 564
