ignored-regions 0.6415 1175 53 1193 67
pedestrian 0.8789 360 138 373 153
pedestrian 0.7542 163 428 176 439
pedestrian 0.6711 333 340 346 350
pedestrian 0.5717 956 152 973 163
pedestrian 0.5085 955 159 972 169
pedestrian 0.4462 324 341 338 352
pedestrian 0.3343 359 132 369 144
pedestrian 0.3041 965 164 985 173
car 0.9799 1132 127 1165 149
car 0.9751 258 474 296 499
car 0.9742 907 463 940 491
car 0.9738 252 356 285 379
car 0.9730 614 490 642 523
car 0.9715 390 152 413 190
car 0.9622 40 150 70 173
car 0.9580 2 445 31 480
car 0.9561 453 415 490 442
car 0.9528 844 279 880 297
car 0.9428 400 21 430 58
car 0.9398 888 445 920 472
car 0.9395 20 510 53 530
car 0.9233 337 141 359 172
car 0.9223 1176 506 1191 537
car 0.9201 853 475 887 501
car 0.9178 451 241 471 279
car 0.9040 152 440 185 462
car 0.8650 756 288 787 306
car 0.8607 451 36 473 63
van 0.9769 861 504 894 531
van 0.9744 1025 347 1055 372
van 0.9639 371 98 392 128
van 0.9583 1160 438 1183 470
van 0.9555 547 494 578 527
van 0.9547 785 116 817 146
van 0.9478 980 254 1020 271
van 0.9460 858 248 893 267
van 0.9399 979 169 1009 185
van 0.9344 796 280 827 296
van 0.9339 1109 509 1139 526
van 0.9279 1133 534 1160 550
van 0.9242 326 98 347 136
truck 0.9804 342 447 382 472
truck 0.9778 1272 79 1312 107
truck 0.9750 948 104 973 131
truck 0.9536 302 460 335 480
awning-tricycle 0.9451 139 536 164 550
awning-tricycle 0.9253 476 179 495 208
awning-tricycle 0.9005 991 113 1009 138
awning-tricycle 0.8350 607 428 623 448
awning-tricycle 0.8244 521 215 533 234
awning-tricycle 0.7612 484 73 500 96
awning-tricycle 0.3577 603 432 617 449
bus 0.9489 956 217 1040 239
motor 0.9006 573 592 585 607
motor 0.8086 421 198 437 225
motor 0.7953 814 495 831 508
motor 0.7903 1075 156 1088 169
motor 0.7517 417 75 431 98
motor 0.5394 247 432 261 445
motor 0.4996 249 440 265 453
motor 0.3834 243 428 257 441
motor 0.3222 427 201 442 226
others 0.9431 648 543 686 575
