ignored-regions 0.6624 1175 52 1193 66
pedestrian 0.8645 358 145 372 160
pedestrian 0.6895 339 336 351 345
pedestrian 0.5929 157 430 169 440
pedestrian 0.5712 966 163 986 174
pedestrian 0.4887 338 331 351 341
pedestrian 0.4820 961 151 979 163
pedestrian 0.4559 154 440 179 458
pedestrian 0.3362 356 153 368 169
car 0.9797 632 508 664 540
car 0.9769 1132 127 1164 148
car 0.9764 906 463 941 491
car 0.9759 259 474 297 499
car 0.9721 408 44 435 81
car 0.9704 391 153 413 192
car 0.9671 252 356 285 380
car 0.9583 845 278 882 296
car 0.9552 40 150 70 174
car 0.9400 2 445 32 480
car 0.9385 417 408 453 430
car 0.9364 445 274 466 307
car 0.9333 338 141 360 172
car 0.9317 889 445 920 471
car 0.9244 1175 509 1191 539
car 0.9224 853 474 887 501
car 0.8456 756 288 787 306
car 0.7598 442 6 463 34
car 0.3994 0 523 18 543
van 0.9766 522 472 555 505
van 0.9736 862 503 894 530
van 0.9646 371 98 393 129
van 0.9613 1001 360 1032 385
van 0.9605 1161 438 1183 469
van 0.9547 952 253 990 270
van 0.9502 785 115 817 146
van 0.9440 1134 533 1160 549
van 0.9290 326 99 348 137
van 0.9227 831 248 865 268
van 0.9221 795 280 827 295
van 0.9167 978 168 1009 185
van 0.8941 1109 509 1138 525
truck 0.9817 342 447 382 473
truck 0.9798 1271 79 1311 106
truck 0.9752 947 103 972 130
truck 0.9562 303 460 337 480
awning-tricycle 0.9489 489 215 508 243
awning-tricycle 0.9130 990 113 1009 138
awning-tricycle 0.9122 595 397 608 414
awning-tricycle 0.9010 174 526 200 542
awning-tricycle 0.8392 473 46 489 69
awning-tricycle 0.8287 511 187 523 204
bus 0.9379 959 217 1041 239
motor 0.8724 564 577 576 593
motor 0.8709 219 452 236 464
motor 0.8448 1072 157 1085 169
motor 0.7934 421 199 439 224
motor 0.7512 812 496 830 509
motor 0.7468 425 93 439 116
motor 0.4242 427 203 443 227
others 0.9048 668 555 706 585
