ignored-regions 0.7058 1175 52 1192 66
pedestrian 0.7763 968 151 986 163
pedestrian 0.7413 362 157 373 170
pedestrian 0.6904 356 148 369 164
pedestrian 0.6505 154 430 166 440
pedestrian 0.6092 341 327 354 338
pedestrian 0.5455 970 159 989 169
pedestrian 0.4887 148 434 162 444
car 0.9840 651 522 684 554
car 0.9765 1132 126 1165 148
car 0.9739 252 356 284 380
car 0.9716 258 475 296 500
car 0.9713 427 307 454 340
car 0.9639 390 152 413 192
car 0.9618 40 150 70 174
car 0.9605 844 278 882 295
car 0.9581 1 445 31 481
car 0.9539 373 404 410 426
car 0.9499 908 460 940 488
car 0.9492 338 141 360 172
car 0.9395 415 64 440 100
car 0.9357 888 444 920 471
car 0.9119 851 473 884 500
car 0.8756 1174 513 1191 543
car 0.8365 755 287 787 305
car 0.5925 152 438 179 457
van 0.9791 979 373 1009 397
van 0.9700 862 503 895 530
van 0.9668 494 455 529 486
van 0.9575 371 100 392 128
van 0.9446 786 114 818 145
van 0.9437 1160 438 1182 469
van 0.9396 1109 509 1137 525
van 0.9389 922 251 959 268
van 0.9379 808 250 843 269
van 0.9166 1132 533 1157 548
van 0.9134 977 168 1009 184
van 0.9028 795 279 827 296
van 0.8929 325 100 347 136
truck 0.9826 1271 79 1311 105
truck 0.9824 342 449 381 473
truck 0.9764 947 103 972 130
truck 0.9479 303 461 337 481
awning-tricycle 0.9361 500 247 523 278
awning-tricycle 0.9005 213 516 236 531
awning-tricycle 0.8871 990 113 1009 138
awning-tricycle 0.8810 582 364 596 384
awning-tricycle 0.8328 462 19 477 44
awning-tricycle 0.5932 499 152 512 170
bus 0.9267 957 217 1040 239
motor 0.8451 421 199 439 225
motor 0.8445 431 109 444 133
motor 0.8409 1304 187 1322 198
motor 0.8006 811 497 829 511
motor 0.7677 552 562 564 578
motor 0.7237 1073 155 1085 168
motor 0.6561 189 462 207 475
motor 0.3276 243 432 256 444
motor 0.3215 1069 153 1081 165
others 0.9139 695 569 733 590
