ignored-regions 0.8058 1173 52 1191 66
pedestrian 0.7828 361 166 372 178
pedestrian 0.7794 147 435 161 445
pedestrian 0.7246 972 151 990 163
pedestrian 0.5038 972 159 993 169
pedestrian 0.4867 1063 149 1076 162
pedestrian 0.4139 1058 145 1072 157
pedestrian 0.3452 148 431 162 441
car 0.9879 670 535 704 564
car 0.9783 324 413 360 436
car 0.9744 250 356 283 380
car 0.9736 406 335 434 368
car 0.9667 418 76 444 113
car 0.9666 1130 126 1164 148
car 0.9642 843 278 881 295
car 0.9631 39 151 70 174
car 0.9619 337 140 360 173
car 0.9618 389 152 413 191
car 0.9607 1 447 30 481
car 0.9594 906 463 938 490
car 0.9529 258 474 296 499
car 0.9369 851 473 884 500
car 0.9271 1173 513 1190 544
car 0.9169 888 444 919 471
car 0.8495 754 287 784 306
car 0.8321 149 441 184 462
van 0.9781 468 440 502 468
van 0.9653 895 246 930 266
van 0.9621 370 99 391 128
van 0.9613 964 382 994 407
van 0.9610 861 503 894 530
van 0.9492 1130 533 1157 549
van 0.9399 1160 438 1181 469
van 0.9389 784 114 816 145
van 0.9361 790 252 823 270
van 0.9063 1108 509 1137 525
van 0.8863 325 100 348 137
van 0.8854 976 168 1008 184
van 0.8262 793 281 823 296
truck 0.9793 1271 79 1310 105
truck 0.9774 342 449 381 472
truck 0.9751 946 103 971 131
truck 0.9405 304 461 338 481
awning-tricycle 0.9345 513 283 537 316
awning-tricycle 0.9019 989 114 1008 138
awning-tricycle 0.8761 568 336 581 354
awning-tricycle 0.7070 450 0 465 18
awning-tricycle 0.6002 248 507 272 523
awning-tricycle 0.4065 485 124 498 144
bus 0.9008 960 217 1039 239
motor 0.9006 422 199 440 225
motor 0.8876 435 124 448 147
motor 0.8753 159 473 175 487
motor 0.8660 539 550 552 566
motor 0.6878 1272 195 1288 206
motor 0.6834 1073 155 1085 168
motor 0.6468 806 500 824 513
others 0.9307 721 573 758 593
