pedestrian 0.9026 1203 701 1222 725
pedestrian 0.7358 659 804 671 819
pedestrian 0.6855 709 756 724 769
pedestrian 0.6454 1617 1027 1636 1046
pedestrian 0.4947 1191 601 1205 615
pedestrian 0.3092 661 808 673 824
car 0.9819 1492 712 1565 759
car 0.9788 280 516 354 562
car 0.9768 589 571 656 616
car 0.9763 349 438 415 482
car 0.9748 430 464 491 503
car 0.9739 1360 83 1419 149
car 0.9739 92 448 165 496
car 0.9738 514 493 585 540
car 0.9737 1376 574 1449 619
car 0.9733 1276 180 1327 247
car 0.9728 910 845 963 910
car 0.9728 503 544 572 587
car 0.9718 315 477 386 523
car 0.9714 1115 329 1169 394
car 0.9704 1470 757 1538 799
car 0.9703 179 285 248 326
car 0.9697 1354 665 1421 709
car 0.9690 1587 694 1662 742
car 0.9690 173 484 246 532
car 0.9680 58 359 133 399
car 0.9668 1257 122 1310 185
car 0.9656 1660 925 1722 966
car 0.9653 1488 613 1561 660
car 0.9648 1723 840 1797 886
car 0.9646 52 396 97 462
car 0.9640 281 312 360 362
car 0.9625 1327 703 1401 748
car 0.9598 1555 789 1628 833
car 0.9575 447 572 519 619
car 0.9529 31 230 102 282
car 0.9516 798 934 859 1005
car 0.9511 375 545 439 583
car 0.9480 1131 667 1180 744
car 0.9467 1639 815 1713 860
car 0.9457 1342 608 1404 646
car 0.9390 605 529 675 574
car 0.9379 554 610 624 648
car 0.9371 1399 735 1458 773
car 0.9349 1150 212 1203 275
car 0.9335 1114 552 1154 622
car 0.9218 1362 863 1432 909
car 0.9173 28 292 93 353
car 0.9079 1433 2 1489 43
car 0.8663 0 415 49 459
car 0.8316 1110 848 1177 888
van 0.9698 92 281 162 321
van 0.9509 1807 869 1894 917
van 0.9387 406 509 478 554
truck 0.9694 691 838 847 1058
truck 0.9645 1071 489 1122 555
bus 0.9783 883 700 974 850
bus 0.9781 982 290 1127 417
motor 0.8617 804 741 827 762
motor 0.8503 905 367 932 390
motor 0.8393 731 846 748 865
