ignored-regions 0.8986 1173 51 1191 66
pedestrian 0.8512 365 170 375 182
pedestrian 0.8096 144 436 159 447
pedestrian 0.6959 982 151 998 163
pedestrian 0.6382 660 730 672 744
pedestrian 0.5879 1058 136 1072 149
pedestrian 0.5599 979 161 1005 174
pedestrian 0.4280 1062 141 1076 154
pedestrian 0.3896 1060 131 1076 144
pedestrian 0.3319 976 159 995 168
pedestrian 0.3063 365 175 374 188
car 0.9756 250 356 283 380
car 0.9714 693 546 725 571
car 0.9705 422 87 448 125
car 0.9704 273 427 309 450
car 0.9672 337 140 360 173
car 0.9657 904 462 938 491
car 0.9635 39 151 70 174
car 0.9632 1130 125 1164 147
car 0.9620 843 277 879 294
car 0.9569 1 447 30 482
car 0.9540 389 151 412 192
car 0.9477 850 473 885 500
car 0.9290 152 441 185 464
car 0.9239 1173 512 1190 543
car 0.9220 378 364 408 392
car 0.9152 888 444 920 471
car 0.9132 257 475 297 501
car 0.8680 755 287 787 304
van 0.9813 438 429 473 455
van 0.9662 371 99 392 129
van 0.9629 1131 531 1157 547
van 0.9589 950 390 981 416
van 0.9567 862 500 895 528
van 0.9460 867 245 907 264
van 0.9403 1160 437 1181 468
van 0.9356 784 114 816 144
van 0.9185 775 250 811 270
van 0.8857 325 100 347 137
van 0.8310 792 279 824 295
van 0.8107 1110 505 1139 523
truck 0.9830 342 449 381 473
truck 0.9809 1271 77 1310 102
truck 0.9798 946 102 971 131
truck 0.9425 303 461 337 481
awning-tricycle 0.9379 527 317 551 347
awning-tricycle 0.8830 989 112 1008 137
awning-tricycle 0.7967 476 94 490 114
awning-tricycle 0.7781 277 498 303 514
awning-tricycle 0.7211 555 309 572 329
bus 0.9226 958 216 1039 238
motor 0.9037 422 199 440 224
motor 0.8668 440 135 453 157
motor 0.8525 1282 216 1300 228
motor 0.8510 1240 202 1259 213
motor 0.8166 130 480 147 494
motor 0.7783 528 535 539 549
motor 0.7044 1072 155 1085 168
motor 0.5524 804 501 821 514
motor 0.3387 766 499 787 509
motor 0.3379 790 499 814 512
others 0.9305 743 574 783 594
