ignored-regions 0.8938 1173 51 1191 65
pedestrian 0.8895 366 176 376 188
pedestrian 0.8890 138 440 151 450
pedestrian 0.8643 653 712 665 728
pedestrian 0.7645 1056 124 1073 138
pedestrian 0.7242 986 153 1002 164
pedestrian 0.6944 983 158 1005 170
pedestrian 0.3664 361 172 373 186
pedestrian 0.3298 629 685 639 698
car 0.9875 718 553 751 578
car 0.9778 424 97 450 135
car 0.9773 337 139 361 174
car 0.9718 250 357 283 382
car 0.9700 38 152 69 176
car 0.9699 904 462 938 491
car 0.9621 1130 124 1163 146
car 0.9588 1 449 30 484
car 0.9559 843 278 879 295
car 0.9542 389 153 412 192
car 0.9503 259 475 296 500
car 0.9405 850 473 885 500
car 0.9327 150 441 184 465
car 0.9175 888 444 920 471
car 0.9041 220 445 258 470
car 0.9035 340 385 372 411
car 0.9028 1174 511 1191 542
car 0.8379 754 287 784 305
van 0.9737 942 397 972 423
van 0.9569 369 99 391 129
van 0.9564 862 502 896 530
van 0.9558 765 252 800 272
van 0.9542 409 420 445 447
van 0.9528 1131 531 1157 546
van 0.9434 783 114 815 144
van 0.9280 1160 436 1182 467
van 0.9266 848 244 886 264
van 0.9236 791 280 823 295
van 0.9103 323 101 345 135
van 0.9065 1109 504 1138 523
truck 0.9842 342 449 381 473
truck 0.9829 945 102 970 131
truck 0.9827 1269 77 1310 103
truck 0.9352 302 461 337 481
awning-tricycle 0.9013 988 111 1008 137
awning-tricycle 0.8783 544 354 564 384
awning-tricycle 0.8337 314 491 336 503
awning-tricycle 0.8159 547 280 561 297
awning-tricycle 0.7949 465 68 477 86
awning-tricycle 0.4377 306 483 334 500
bus 0.9164 956 215 1039 238
motor 0.8984 422 200 440 225
motor 0.8428 100 490 116 504
motor 0.8391 515 523 527 537
motor 0.8291 1219 229 1240 243
motor 0.8080 443 144 455 167
motor 0.7591 1208 209 1226 221
motor 0.7310 1072 154 1085 167
motor 0.5754 802 501 820 514
motor 0.3333 1143 207 1159 218
others 0.8972 772 576 812 594
