ignored-regions 0.8803 1173 50 1191 64
pedestrian 0.8945 367 184 377 196
pedestrian 0.8844 1053 117 1068 131
pedestrian 0.8390 133 441 145 451
pedestrian 0.7970 642 689 654 704
pedestrian 0.7587 991 153 1006 164
pedestrian 0.6623 986 158 1008 170
pedestrian 0.3306 646 692 658 706
car 0.9861 740 559 776 581
car 0.9805 336 139 361 174
car 0.9789 427 107 453 144
car 0.9767 251 357 283 382
car 0.9702 37 152 68 175
car 0.9701 903 462 937 492
car 0.9630 172 462 209 486
car 0.9618 388 152 412 191
car 0.9569 1130 124 1163 145
car 0.9561 0 450 29 484
car 0.9528 258 476 296 501
car 0.9438 151 441 185 466
car 0.9412 851 474 884 500
car 0.9380 887 444 920 471
car 0.9357 843 277 879 295
car 0.9267 1174 510 1190 541
car 0.9058 298 406 331 430
car 0.8075 753 287 784 306
van 0.9804 379 415 415 439
van 0.9666 862 502 896 530
van 0.9627 370 100 390 129
van 0.9623 934 402 966 428
van 0.9486 1131 531 1157 546
van 0.9459 831 246 869 266
van 0.9455 754 251 791 273
van 0.9445 783 114 815 144
van 0.9318 1160 436 1181 467
van 0.9249 789 280 823 295
van 0.9152 322 101 345 136
van 0.8906 1109 504 1139 523
truck 0.9830 945 102 970 130
truck 0.9819 1270 76 1309 102
truck 0.9802 341 451 379 474
truck 0.9156 304 463 336 482
awning-tricycle 0.9070 560 387 582 418
awning-tricycle 0.9031 453 34 467 58
awning-tricycle 0.8998 537 254 550 271
awning-tricycle 0.8743 988 111 1007 137
awning-tricycle 0.6851 341 488 363 501
awning-tricycle 0.6185 343 484 369 497
bus 0.9269 955 215 1039 238
motor 0.8826 797 503 814 515
motor 0.8802 422 201 439 226
motor 0.8745 502 511 515 525
motor 0.8080 1164 242 1182 254
motor 0.7833 445 152 458 174
motor 0.7609 71 499 87 512
motor 0.6645 1072 154 1085 168
motor 0.5228 1296 182 1314 193
motor 0.5025 1179 215 1197 226
others 0.9542 798 571 842 590
