ignored-regions 0.8968 1173 51 1190 64
pedestrian 0.8687 1052 108 1067 122
pedestrian 0.8507 128 446 139 455
pedestrian 0.7875 368 191 378 202
pedestrian 0.6840 634 670 646 685
pedestrian 0.5849 1001 153 1017 163
car 0.9826 335 140 360 174
car 0.9819 428 113 455 149
car 0.9758 766 562 801 581
car 0.9750 124 480 160 504
car 0.9739 250 357 282 382
car 0.9738 903 463 936 492
car 0.9713 36 152 67 175
car 0.9688 387 152 411 192
car 0.9649 841 278 879 296
car 0.9649 151 442 185 465
car 0.9645 255 428 286 451
car 0.9529 1128 124 1161 145
car 0.9527 0 450 29 484
car 0.9437 851 474 884 500
car 0.9384 1173 509 1191 539
car 0.9375 886 444 918 471
car 0.9297 257 477 296 501
car 0.8296 753 287 783 306
van 0.9765 347 415 380 436
van 0.9662 368 98 390 129
van 0.9623 1130 530 1157 546
van 0.9602 930 405 961 431
van 0.9546 747 254 780 275
van 0.9537 863 500 896 528
van 0.9517 783 114 815 145
van 0.9507 816 247 852 266
van 0.9302 1159 436 1180 467
van 0.9278 322 101 345 135
van 0.9162 790 280 823 295
van 0.8916 1109 504 1138 523
van 0.6006 982 161 1010 175
van 0.5753 366 0 386 20
truck 0.9857 944 102 969 130
truck 0.9823 1270 76 1309 102
truck 0.9777 342 450 380 474
truck 0.9422 303 463 337 482
awning-tricycle 0.9019 578 422 603 454
awning-tricycle 0.8992 987 112 1006 136
awning-tricycle 0.8329 367 480 390 493
awning-tricycle 0.8246 440 6 454 29
awning-tricycle 0.7422 527 228 540 246
bus 0.9162 956 214 1039 237
motor 0.8755 793 503 812 518
motor 0.8655 1149 222 1167 234
motor 0.8378 489 497 501 511
motor 0.8340 1106 250 1122 261
motor 0.8339 422 200 439 226
motor 0.8259 40 510 58 523
motor 0.7037 1071 151 1085 165
motor 0.7012 448 158 462 182
motor 0.6895 1261 194 1278 206
motor 0.3345 428 209 444 234
others 0.7739 820 564 862 587
