ignored-regions 0.8886 1173 50 1191 64
pedestrian 0.8402 122 447 135 457
pedestrian 0.8265 1051 100 1066 115
pedestrian 0.7764 1006 152 1023 163
pedestrian 0.7478 368 198 380 210
pedestrian 0.5909 624 651 635 665
pedestrian 0.3891 628 653 639 666
car 0.9831 429 117 456 154
car 0.9772 336 140 360 174
car 0.9741 249 357 281 381
car 0.9724 37 152 66 176
car 0.9688 902 463 935 492
car 0.9679 387 152 411 191
car 0.9659 837 277 876 295
car 0.9606 208 449 241 472
car 0.9592 1128 123 1161 145
car 0.9544 795 557 826 579
car 0.9544 7 543 47 569
car 0.9540 851 473 883 500
car 0.9530 254 476 294 502
car 0.9520 1172 504 1191 533
car 0.9507 0 451 29 484
car 0.9439 150 443 183 465
car 0.9403 885 443 917 472
car 0.9373 81 493 116 517
car 0.8887 752 287 782 306
car 0.3523 1322 192 1342 210
van 0.9826 927 408 958 433
van 0.9736 738 255 775 275
van 0.9715 861 500 895 528
van 0.9714 312 419 344 440
van 0.9697 368 98 389 129
van 0.9681 1131 530 1157 546
van 0.9656 371 15 393 47
van 0.9479 783 113 815 144
van 0.9399 1159 435 1181 467
van 0.9287 790 279 822 294
van 0.9263 322 101 344 135
van 0.9190 806 247 841 267
van 0.8801 977 166 1008 181
van 0.8559 1108 505 1138 523
truck 0.9818 1270 76 1308 102
truck 0.9816 944 101 969 129
truck 0.9773 348 449 385 471
truck 0.9657 302 462 338 483
awning-tricycle 0.9349 516 203 530 221
awning-tricycle 0.9243 390 481 415 496
awning-tricycle 0.9087 987 110 1006 135
awning-tricycle 0.8972 597 454 623 484
awning-tricycle 0.3042 625 462 641 481
bus 0.9199 954 213 1038 236
motor 0.8893 791 504 808 518
motor 0.8844 1121 228 1139 241
motor 0.8800 421 199 438 225
motor 0.8680 474 486 488 500
motor 0.8549 449 163 463 187
motor 0.8149 1224 202 1244 214
motor 0.7863 12 521 28 533
motor 0.7140 1070 151 1083 165
motor 0.6291 1055 254 1071 265
others 0.8670 852 547 892 573
