ignored-regions 0.9234 1172 50 1189 64
pedestrian 0.8829 616 632 628 646
pedestrian 0.7801 1011 153 1028 163
pedestrian 0.7704 370 206 381 217
pedestrian 0.7562 116 450 127 460
pedestrian 0.5098 1049 90 1064 104
pedestrian 0.3132 1024 149 1039 159
car 0.9829 819 551 854 574
car 0.9816 428 117 456 153
car 0.9759 335 140 359 174
car 0.9749 386 153 411 191
car 0.9737 36 152 65 176
car 0.9736 248 358 281 382
car 0.9735 45 531 84 555
car 0.9719 158 467 190 490
car 0.9676 1128 123 1160 145
car 0.9661 1280 203 1315 226
car 0.9626 38 508 75 533
car 0.9584 255 477 294 501
car 0.9530 148 442 183 466
car 0.9529 833 278 871 295
car 0.9521 0 451 28 484
car 0.9500 850 473 884 500
car 0.9498 902 463 934 492
car 0.9436 884 444 917 472
car 0.9435 1171 499 1190 528
car 0.8234 749 288 778 306
van 0.9799 924 410 954 435
van 0.9741 1130 530 1157 546
van 0.9692 859 500 894 528
van 0.9682 368 97 390 128
van 0.9625 725 256 761 277
van 0.9541 782 114 815 144
van 0.9454 322 100 344 135
van 0.9352 275 426 310 449
van 0.9291 1159 435 1180 467
van 0.9073 976 166 1006 182
van 0.9061 789 280 821 294
van 0.8893 795 248 831 267
van 0.8844 381 42 403 75
van 0.8566 1108 504 1138 523
van 0.3065 1124 525 1155 541
truck 0.9839 945 101 969 130
truck 0.9779 1269 76 1307 102
truck 0.9705 302 463 338 483
truck 0.9238 356 446 391 469
awning-tricycle 0.9610 624 483 650 514
awning-tricycle 0.9280 987 111 1005 135
awning-tricycle 0.8725 413 485 435 499
awning-tricycle 0.7738 505 181 519 199
bus 0.9118 954 212 1039 235
motor 0.8874 458 480 473 492
motor 0.8776 421 200 439 226
motor 0.8728 1092 236 1109 247
motor 0.8490 1005 255 1022 265
motor 0.8371 786 505 803 519
motor 0.7117 1069 151 1082 164
motor 0.7090 449 170 462 192
motor 0.5793 1191 208 1211 221
motor 0.3805 1191 213 1208 226
motor 0.3236 778 502 795 513
others 0.9341 878 531 918 560
