ignored-regions 0.9206 1173 52 1190 65
pedestrian 0.7872 607 611 619 624
pedestrian 0.7223 1016 152 1033 163
pedestrian 0.6874 109 453 122 464
pedestrian 0.6826 371 212 381 224
pedestrian 0.6264 1049 87 1065 101
pedestrian 0.4690 70 457 83 468
pedestrian 0.3376 1019 157 1036 166
car 0.9806 335 140 360 174
car 0.9798 429 118 456 154
car 0.9753 387 153 411 191
car 0.9747 36 152 66 176
car 0.9731 901 462 934 493
car 0.9725 248 358 281 382
car 0.9718 1237 221 1271 244
car 0.9677 110 483 142 506
car 0.9653 844 544 880 568
car 0.9613 259 477 295 500
car 0.9611 1128 125 1160 146
car 0.9584 76 517 116 543
car 0.9545 1 451 28 484
car 0.9527 833 278 870 296
car 0.9477 1173 497 1192 527
car 0.9452 884 443 917 472
car 0.9426 150 443 182 465
car 0.9369 850 473 884 501
car 0.9294 4 520 39 547
car 0.8799 738 290 768 308
car 0.6271 1315 191 1341 211
car 0.5432 363 0 382 13
van 0.9789 392 72 414 103
van 0.9758 921 412 952 438
van 0.9735 861 500 895 528
van 0.9714 1129 530 1157 547
van 0.9675 368 100 390 130
van 0.9660 707 259 745 281
van 0.9648 783 115 816 145
van 0.9579 786 251 821 270
van 0.9434 322 100 344 135
van 0.9274 1159 436 1180 468
van 0.9226 784 279 815 295
van 0.9192 977 166 1007 183
van 0.8866 1108 505 1139 523
van 0.8582 239 436 275 459
truck 0.9849 944 102 969 130
truck 0.9783 1267 76 1307 102
truck 0.9776 371 442 409 464
truck 0.9621 306 460 343 481
awning-tricycle 0.9613 651 511 677 538
awning-tricycle 0.9089 987 111 1006 135
awning-tricycle 0.8729 498 158 511 176
awning-tricycle 0.4958 436 490 454 504
bus 0.9274 955 212 1036 235
motor 0.8613 422 201 439 226
motor 0.8289 1064 240 1080 252
motor 0.8118 1158 217 1180 231
motor 0.7494 449 171 461 192
motor 0.7319 959 255 973 265
motor 0.7054 782 509 800 524
motor 0.6811 1071 151 1084 163
motor 0.5389 438 482 457 496
motor 0.5121 778 506 796 520
motor 0.3267 446 476 462 488
others 0.9291 902 512 939 541
