ignored-regions 0.9082 1172 51 1189 64
pedestrian 0.8840 104 455 117 466
pedestrian 0.8773 1022 152 1038 163
pedestrian 0.8714 372 219 383 231
pedestrian 0.8613 602 589 615 603
car 0.9820 385 152 411 191
car 0.9792 335 139 360 174
car 0.9790 261 475 298 499
car 0.9786 871 527 901 552
car 0.9773 35 151 65 175
car 0.9738 109 505 149 530
car 0.9733 1127 123 1161 144
car 0.9673 1173 491 1193 523
car 0.9664 59 499 92 522
car 0.9660 1193 236 1229 261
car 0.9660 249 358 281 382
car 0.9606 429 117 457 153
car 0.9572 901 462 932 492
car 0.9560 149 442 183 464
car 0.9457 1 451 28 484
car 0.9430 1272 200 1309 223
car 0.9407 367 15 391 46
car 0.9348 884 443 917 472
car 0.9274 850 473 884 501
car 0.9247 828 278 865 295
car 0.9062 722 293 752 311
van 0.9762 1129 529 1157 546
van 0.9724 681 265 717 289
van 0.9708 782 115 814 144
van 0.9575 921 412 950 438
van 0.9542 321 100 343 135
van 0.9528 399 97 424 131
van 0.9434 861 499 894 528
van 0.9401 366 99 388 128
van 0.9162 1107 504 1137 522
van 0.9059 975 166 1006 182
van 0.9004 1159 435 1180 467
van 0.8787 194 450 231 474
van 0.8738 771 251 806 271
van 0.8651 775 281 807 297
truck 0.9847 944 101 969 129
truck 0.9804 1268 75 1307 101
truck 0.9788 322 455 357 476
truck 0.9593 391 441 427 459
awning-tricycle 0.9448 681 531 707 558
awning-tricycle 0.9293 986 110 1004 135
awning-tricycle 0.8366 457 497 478 510
awning-tricycle 0.7217 485 136 498 154
bus 0.8890 953 211 1037 235
motor 0.8850 774 512 789 526
motor 0.8773 1037 245 1053 256
motor 0.8655 1127 223 1144 236
motor 0.8112 420 199 437 226
motor 0.7780 1069 150 1082 163
motor 0.7480 917 252 931 263
motor 0.6932 450 163 464 187
motor 0.5847 426 473 443 484
others 0.9255 926 492 962 523
