ignored-regions 0.9004 1172 51 1189 64
pedestrian 0.9257 373 225 384 237
pedestrian 0.8912 1027 151 1044 162
pedestrian 0.8752 101 458 114 468
pedestrian 0.6569 602 567 614 580
pedestrian 0.6265 1028 156 1043 165
pedestrian 0.3308 612 563 624 577
car 0.9828 385 152 410 192
car 0.9792 334 139 359 174
car 0.9776 272 472 307 495
car 0.9756 14 515 48 540
car 0.9739 34 151 65 174
car 0.9724 4 544 43 571
car 0.9701 1126 123 1160 144
car 0.9691 900 463 932 494
car 0.9667 148 442 182 464
car 0.9635 249 358 281 382
car 0.9633 1152 253 1189 279
car 0.9612 135 496 175 521
car 0.9533 1176 489 1197 520
car 0.9515 823 278 858 295
car 0.9429 883 443 916 472
car 0.9413 1 451 28 484
car 0.9346 850 472 884 500
car 0.9339 894 506 924 533
car 0.9334 1223 214 1261 236
car 0.9305 427 118 456 153
car 0.9079 700 298 732 316
car 0.8256 379 46 404 74
van 0.9798 647 275 683 299
van 0.9738 754 251 790 273
van 0.9707 1130 529 1157 545
van 0.9682 367 100 390 129
van 0.9652 920 411 951 438
van 0.9635 782 115 814 144
van 0.9621 321 100 343 135
van 0.9615 860 499 894 527
van 0.9200 151 468 186 492
van 0.9186 976 166 1006 182
van 0.8888 1158 434 1180 466
van 0.8870 1107 504 1138 522
van 0.8538 756 284 788 300
van 0.7960 405 120 431 155
truck 0.9854 943 100 969 129
truck 0.9838 1269 76 1307 101
truck 0.9768 343 448 379 468
truck 0.8216 418 440 453 457
awning-tricycle 0.9637 710 548 739 571
awning-tricycle 0.9277 986 110 1005 135
awning-tricycle 0.9235 480 509 502 528
awning-tricycle 0.8339 477 117 491 134
bus 0.9166 952 211 1037 236
motor 0.9229 1010 247 1025 259
motor 0.8265 1069 149 1082 163
motor 0.7821 420 197 438 226
motor 0.7648 876 252 891 262
motor 0.7623 1095 229 1111 242
motor 0.7161 409 475 423 485
motor 0.7046 764 519 778 535
motor 0.5753 448 160 463 186
motor 0.4621 436 131 456 158
motor 0.3636 443 157 459 180
motor 0.3251 455 138 470 158
others 0.8151 947 466 991 497
