ignored-regions 0.8772 1172 51 1188 64
pedestrian 0.8661 1034 151 1050 161
pedestrian 0.8086 375 232 387 243
pedestrian 0.7890 99 463 111 472
pedestrian 0.4959 602 550 615 563
pedestrian 0.4658 1034 156 1049 165
pedestrian 0.4219 613 551 627 564
pedestrian 0.3276 1040 150 1058 161
car 0.9850 287 466 322 489
car 0.9780 335 140 359 174
car 0.9735 34 151 65 175
car 0.9729 387 153 410 191
car 0.9727 898 464 931 494
car 0.9707 164 486 204 510
car 0.9691 1126 123 1161 144
car 0.9668 147 441 182 465
car 0.9639 249 359 281 383
car 0.9616 1173 488 1194 519
car 0.9578 850 472 884 499
car 0.9546 389 77 414 106
car 0.9492 1112 272 1147 301
car 0.9452 883 441 916 469
car 0.9451 0 451 28 484
car 0.9359 37 532 76 558
car 0.9324 673 304 702 323
car 0.9307 428 118 455 151
car 0.9186 1174 226 1211 249
car 0.9176 911 488 942 515
car 0.8747 810 278 846 296
van 0.9837 607 288 641 314
van 0.9775 1129 529 1156 545
van 0.9714 782 115 814 145
van 0.9710 366 100 388 129
van 0.9678 859 499 893 528
van 0.9676 321 100 343 134
van 0.9660 920 410 951 437
van 0.9343 1107 504 1137 522
van 0.9268 108 481 142 506
van 0.9222 975 166 1005 181
van 0.9180 1301 203 1337 225
van 0.9122 1158 435 1180 465
van 0.9038 728 256 767 278
van 0.8113 416 146 440 179
van 0.7590 736 288 767 304
truck 0.9848 943 100 969 129
truck 0.9839 1269 76 1307 101
truck 0.9719 365 439 404 462
truck 0.9459 446 441 481 459
awning-tricycle 0.9299 986 111 1005 135
awning-tricycle 0.9091 743 561 773 580
awning-tricycle 0.8887 471 97 484 114
awning-tricycle 0.8707 506 526 528 548
bus 0.9235 955 211 1035 234
motor 0.8907 391 475 405 486
motor 0.8357 749 533 764 549
motor 0.7952 419 197 436 224
motor 0.7848 435 61 447 77
motor 0.7743 1069 149 1082 162
motor 0.7487 838 253 853 263
motor 0.7027 1063 231 1083 244
motor 0.6698 979 248 992 259
motor 0.6486 436 132 456 161
motor 0.3116 448 159 465 186
others 0.8745 974 444 1011 477
