pedestrian 0.8730 1205 568 1218 584
pedestrian 0.8635 1203 703 1223 726
pedestrian 0.7435 722 729 736 744
pedestrian 0.7231 1675 1045 1697 1065
pedestrian 0.6635 659 802 671 818
bicycle 0.6225 873 356 901 373
car 0.9815 1302 129 1354 193
car 0.9801 1466 704 1541 750
car 0.9794 280 516 355 561
car 0.9792 1470 755 1540 800
car 0.9773 349 437 415 482
car 0.9767 430 463 493 503
car 0.9767 515 493 585 539
car 0.9760 173 282 242 324
car 0.9730 1328 704 1401 748
car 0.9727 589 570 657 616
car 0.9720 1560 684 1634 730
car 0.9719 1378 572 1450 617
car 0.9715 1382 42 1442 110
car 0.9715 1487 612 1561 659
car 0.9709 1784 964 1847 1006
car 0.9692 1499 905 1572 954
car 0.9688 281 311 359 361
car 0.9687 505 544 572 586
car 0.9685 315 476 386 523
car 0.9681 93 449 165 497
car 0.9679 173 484 246 532
car 0.9671 97 364 173 406
car 0.9661 1723 839 1797 885
car 0.9661 1117 594 1158 665
car 0.9647 53 394 97 460
car 0.9643 448 571 520 619
car 0.9627 1342 662 1406 706
car 0.9613 1218 178 1273 240
car 0.9591 1556 788 1628 833
car 0.9581 813 911 872 982
car 0.9578 1342 608 1404 647
car 0.9530 1400 734 1458 772
car 0.9530 1212 852 1280 893
car 0.9524 1079 377 1134 446
car 0.9515 1638 813 1714 859
car 0.9497 952 780 1001 843
car 0.9470 1149 704 1206 777
car 0.9460 605 529 675 574
car 0.9452 374 545 439 582
car 0.9391 32 226 103 279
car 0.9354 554 610 625 648
car 0.9187 1122 253 1175 317
car 0.9046 29 292 92 351
car 0.8991 866 944 930 1015
car 0.8583 0 415 49 459
car 0.3445 1446 0 1498 15
van 0.9647 92 280 161 320
van 0.9278 406 509 477 553
van 0.9078 1805 866 1895 915
truck 0.9530 1098 450 1149 513
truck 0.9407 665 899 811 1070
bus 0.9746 900 664 971 816
bus 0.9705 932 322 1087 429
motor 0.8943 713 879 729 898
motor 0.8515 844 364 870 384
motor 0.7349 768 809 789 830
motor 0.3907 720 881 736 898
