ignored-regions 0.8951 1171 51 1188 64
pedestrian 0.9106 377 238 388 250
pedestrian 0.7336 96 465 109 474
pedestrian 0.7218 1036 151 1053 162
pedestrian 0.5811 602 531 615 543
pedestrian 0.5622 613 534 626 547
pedestrian 0.3341 1035 157 1052 166
car 0.9812 71 519 110 545
car 0.9788 334 140 359 174
car 0.9748 387 152 411 191
car 0.9735 1126 123 1161 145
car 0.9723 147 441 182 464
car 0.9707 310 459 346 481
car 0.9689 35 150 65 174
car 0.9668 898 463 930 495
car 0.9639 249 359 281 383
car 0.9622 934 462 965 494
car 0.9578 192 476 230 500
car 0.9575 1124 240 1158 261
car 0.9563 850 472 884 499
car 0.9538 1174 489 1193 519
car 0.9516 0 450 28 485
car 0.9414 884 441 916 469
car 0.9370 1077 295 1110 323
car 0.9343 639 312 668 332
car 0.9029 794 279 831 297
car 0.8945 398 100 423 130
car 0.8436 429 117 455 150
car 0.4182 0 558 17 581
van 0.9896 700 261 738 282
van 0.9771 1129 529 1157 545
van 0.9768 781 116 814 145
van 0.9750 860 499 894 528
van 0.9746 563 302 597 330
van 0.9710 919 410 950 437
van 0.9679 320 100 343 134
van 0.9549 1260 222 1294 241
van 0.9466 366 100 388 129
van 0.9294 716 292 748 308
van 0.9209 976 167 1006 182
van 0.9175 424 166 449 201
van 0.9084 1159 435 1180 467
van 0.9039 61 496 98 521
van 0.8972 1107 504 1137 522
truck 0.9836 1268 77 1307 103
truck 0.9833 943 101 969 130
truck 0.9606 391 434 428 455
truck 0.9496 472 447 506 467
awning-tricycle 0.9380 530 548 549 570
awning-tricycle 0.9252 986 111 1004 135
awning-tricycle 0.8750 464 76 478 93
awning-tricycle 0.8082 776 568 806 583
bus 0.9138 954 211 1036 235
motor 0.8764 955 246 968 257
motor 0.8559 1041 237 1057 249
motor 0.8557 420 198 437 224
motor 0.8489 800 257 815 268
motor 0.8301 371 477 383 487
motor 0.7540 739 548 752 565
motor 0.7158 1070 149 1084 162
motor 0.5319 437 130 456 156
motor 0.4013 437 85 448 100
motor 0.3885 427 195 443 222
motor 0.3807 1070 154 1082 167
motor 0.3123 450 159 465 184
motor 0.3104 440 95 454 117
motor 0.3042 451 136 466 157
others 0.8599 995 425 1032 455
