ignored-regions 0.8590 1172 48 1189 62
pedestrian 0.8820 378 245 390 257
pedestrian 0.7168 1047 152 1062 163
pedestrian 0.6330 95 468 107 476
pedestrian 0.5735 604 508 617 520
pedestrian 0.4932 608 512 622 524
pedestrian 0.4792 1049 156 1064 166
car 0.9796 386 152 411 191
car 0.9786 334 139 359 173
car 0.9770 101 505 140 530
car 0.9746 35 150 66 174
car 0.9741 334 450 369 472
car 0.9737 899 462 932 494
car 0.9714 965 431 993 461
car 0.9652 148 440 182 463
car 0.9651 250 358 282 382
car 0.9629 884 440 916 469
car 0.9595 849 470 884 498
car 0.9594 8 545 47 571
car 0.9573 1127 121 1161 144
car 0.9469 0 450 29 483
car 0.9425 1176 487 1197 518
car 0.9341 601 320 630 340
car 0.9325 774 281 810 299
car 0.9174 219 466 256 489
car 0.9152 1075 249 1109 269
car 0.9038 1047 316 1080 344
car 0.8579 406 122 430 155
car 0.7323 430 116 456 150
van 0.9869 520 319 555 346
van 0.9837 1217 237 1250 258
van 0.9789 920 409 951 436
van 0.9767 861 497 894 527
van 0.9725 666 267 706 292
van 0.9722 782 115 814 144
van 0.9703 1129 529 1157 545
van 0.9677 367 98 389 128
van 0.9596 320 99 344 135
van 0.9589 14 511 51 537
van 0.9488 428 187 454 220
van 0.9425 691 297 721 314
van 0.9345 1158 434 1180 464
van 0.9282 976 166 1006 181
van 0.8828 1108 502 1138 522
truck 0.9840 1269 75 1308 101
truck 0.9794 944 99 969 128
truck 0.9534 417 431 454 451
truck 0.8813 495 454 528 477
awning-tricycle 0.9381 807 567 837 583
awning-tricycle 0.9051 552 575 570 597
awning-tricycle 0.8948 987 110 1005 133
awning-tricycle 0.8160 456 54 470 71
bus 0.9205 953 210 1041 234
motor 0.9190 728 570 742 588
motor 0.8933 353 478 368 489
motor 0.8474 763 258 780 270
motor 0.8179 1017 237 1033 249
motor 0.7971 929 234 945 246
motor 0.7245 1072 149 1085 161
motor 0.6813 420 199 442 226
motor 0.4870 452 162 468 185
motor 0.4631 440 102 453 122
motor 0.4138 456 138 470 158
motor 0.3331 1083 143 1096 157
motor 0.3017 1069 154 1082 167
others 0.8403 1020 398 1059 428
