ignored-regions 0.8288 1173 47 1191 61
pedestrian 0.8818 610 491 622 505
pedestrian 0.7314 1055 153 1071 163
pedestrian 0.6914 381 251 392 263
pedestrian 0.5268 1054 157 1071 166
pedestrian 0.4371 82 471 98 483
pedestrian 0.3331 92 469 106 478
car 0.9810 335 139 359 172
car 0.9781 387 152 411 190
car 0.9774 133 496 171 520
car 0.9757 748 285 784 303
car 0.9738 34 150 65 174
car 0.9729 900 462 932 493
car 0.9685 885 440 916 468
car 0.9675 360 442 395 464
car 0.9675 239 458 277 482
car 0.9654 1180 483 1201 514
car 0.9611 562 331 591 351
car 0.9597 149 440 184 463
car 0.9594 250 358 283 382
car 0.9587 0 450 29 484
car 0.9579 1130 122 1163 143
car 0.9542 40 532 80 560
car 0.9535 850 470 884 497
car 0.9434 1020 333 1052 361
car 0.9214 1023 256 1056 273
car 0.9080 994 399 1022 431
car 0.8280 412 143 436 172
car 0.6541 427 114 457 149
van 0.9805 922 408 952 435
van 0.9774 1172 257 1207 279
van 0.9763 861 497 896 528
van 0.9670 321 99 344 134
van 0.9647 782 115 816 144
van 0.9602 664 303 696 320
van 0.9560 438 205 460 240
van 0.9543 475 337 507 364
van 0.9541 629 276 670 303
van 0.9531 1159 433 1181 464
van 0.9525 367 98 389 129
van 0.9398 977 166 1008 180
van 0.9239 1131 528 1158 545
van 0.9133 1109 502 1139 521
truck 0.9808 441 432 480 451
truck 0.9738 1270 74 1308 100
truck 0.9710 945 99 970 127
truck 0.9679 525 468 555 492
awning-tricycle 0.9496 837 560 868 578
awning-tricycle 0.9286 572 607 591 629
awning-tricycle 0.8659 449 31 462 47
awning-tricycle 0.8633 986 107 1004 130
bus 0.6354 957 211 1036 234
bus 0.3941 972 219 1025 237
motor 0.9097 909 225 922 236
motor 0.9059 727 263 744 276
motor 0.8766 721 598 734 617
motor 0.7976 1303 163 1325 174
motor 0.7911 336 486 349 496
motor 0.7705 418 200 436 226
motor 0.7644 992 235 1009 248
motor 0.6052 456 137 469 155
motor 0.5717 1064 152 1080 162
motor 0.5512 453 124 467 143
motor 0.5419 443 133 458 155
motor 0.3870 429 115 454 147
motor 0.3658 425 102 439 123
motor 0.3386 453 159 468 184
motor 0.3324 431 106 446 128
others 0.7891 1050 373 1086 405
