ignored-regions 0.8654 1174 48 1192 62
pedestrian 0.8738 385 258 397 271
pedestrian 0.8372 612 472 624 485
pedestrian 0.7955 80 474 95 485
pedestrian 0.6616 1064 156 1079 166
pedestrian 0.5296 1055 162 1072 170
pedestrian 0.3774 1057 153 1072 162
car 0.9809 335 140 360 173
car 0.9786 721 292 757 311
car 0.9749 387 435 421 455
car 0.9746 388 152 412 190
car 0.9743 901 463 933 493
car 0.9737 35 150 65 175
car 0.9689 149 440 183 464
car 0.9688 850 471 884 498
car 0.9651 1020 374 1053 404
car 0.9613 1180 482 1203 512
car 0.9612 72 521 110 547
car 0.9606 250 358 283 382
car 0.9600 1130 122 1163 144
car 0.9596 1 450 29 485
car 0.9594 886 441 917 469
car 0.9547 998 349 1032 379
car 0.9530 156 488 195 512
car 0.9372 521 343 550 364
car 0.9321 253 452 295 477
car 0.8899 968 263 1001 280
car 0.8096 423 165 448 198
car 0.7909 427 114 457 151
car 0.3175 0 573 16 594
van 0.9785 862 499 896 528
van 0.9745 783 116 816 145
van 0.9729 425 361 458 387
van 0.9728 923 409 952 436
van 0.9725 1158 433 1183 464
van 0.9674 1130 278 1165 302
van 0.9618 594 293 632 317
van 0.9544 321 99 344 134
van 0.9542 977 166 1008 180
van 0.9464 367 98 389 129
van 0.9382 445 227 465 262
van 0.9361 639 311 667 328
van 0.9146 1132 528 1161 545
van 0.8998 1109 502 1140 522
van 0.4473 1127 523 1158 540
truck 0.9813 1271 75 1310 100
truck 0.9740 945 98 970 126
truck 0.9724 552 486 582 512
truck 0.9637 470 434 508 455
awning-tricycle 0.9511 866 551 897 570
awning-tricycle 0.8734 442 6 456 24
awning-tricycle 0.8210 988 110 1006 133
awning-tricycle 0.6693 591 643 607 661
bus 0.7089 952 212 1039 234
motor 0.8467 717 627 730 647
motor 0.8290 319 493 331 503
motor 0.8095 690 271 705 283
motor 0.7695 892 217 905 228
motor 0.7608 460 143 474 161
motor 0.7509 973 235 989 246
motor 0.7443 420 198 438 226
motor 0.6620 1292 170 1311 182
motor 0.4505 455 156 471 179
motor 0.3539 966 228 997 243
motor 0.3473 430 105 445 126
motor 0.3444 425 102 438 122
others 0.8761 1074 355 1114 387
