ignored-regions 0.8778 1175 47 1192 61
pedestrian 0.8253 78 476 92 486
pedestrian 0.8173 1069 158 1085 168
pedestrian 0.7986 387 266 398 277
pedestrian 0.7874 617 456 629 470
pedestrian 0.6269 1069 154 1085 164
car 0.9824 335 141 359 173
car 0.9799 1180 478 1204 509
car 0.9772 689 299 724 318
car 0.9769 388 152 412 190
car 0.9731 901 464 932 494
car 0.9728 35 151 66 175
car 0.9716 32 559 69 582
car 0.9711 1130 122 1163 144
car 0.9707 850 472 884 499
car 0.9697 149 441 183 465
car 0.9641 249 359 282 383
car 0.9630 1 451 28 485
car 0.9628 100 512 138 537
car 0.9628 982 361 1013 390
car 0.9592 272 448 309 473
car 0.9581 1046 353 1083 382
car 0.9528 183 478 222 504
car 0.9455 885 441 917 469
car 0.9304 412 427 447 449
car 0.9278 428 117 455 150
car 0.9271 475 357 507 377
car 0.9151 909 270 942 289
car 0.6468 428 186 453 220
van 0.9786 924 410 954 436
van 0.9770 1158 433 1184 464
van 0.9760 861 498 896 528
van 0.9724 371 383 404 407
van 0.9724 784 116 817 145
van 0.9693 555 308 592 333
van 0.9534 368 99 390 129
van 0.9434 978 166 1008 181
van 0.9403 446 246 464 279
van 0.9403 322 100 344 134
van 0.9324 1091 297 1123 323
van 0.9015 1133 527 1160 546
van 0.8913 610 322 639 338
van 0.8912 1110 503 1139 522
van 0.4549 1125 518 1155 535
truck 0.9825 581 507 611 532
truck 0.9811 1271 74 1310 100
truck 0.9762 945 98 970 127
truck 0.9388 496 441 535 469
awning-tricycle 0.8937 893 539 920 559
awning-tricycle 0.8416 988 109 1007 133
awning-tricycle 0.5353 609 682 623 700
awning-tricycle 0.3753 613 686 626 703
bus 0.9014 956 212 1040 233
motor 0.8582 651 284 667 295
motor 0.8505 300 497 312 509
motor 0.8465 712 660 725 681
motor 0.7660 458 164 472 184
motor 0.7635 952 235 968 246
motor 0.6811 420 198 441 225
motor 0.6762 879 215 891 225
motor 0.6290 876 212 889 223
motor 0.6287 948 229 970 244
motor 0.6104 1270 176 1290 189
motor 0.4354 430 103 445 121
motor 0.4336 452 171 467 191
motor 0.4226 423 86 436 105
motor 0.3738 424 99 438 118
motor 0.3088 1280 173 1298 185
others 0.8734 1101 335 1140 366
