ignored-regions 0.8780 1174 48 1192 61
pedestrian 0.8480 74 479 88 490
pedestrian 0.8288 386 273 399 286
pedestrian 0.7569 1074 159 1090 169
pedestrian 0.7185 616 438 630 451
pedestrian 0.5557 1083 161 1096 171
pedestrian 0.4147 593 441 606 452
pedestrian 0.3781 1074 154 1090 164
pedestrian 0.3393 628 460 640 470
car 0.9793 1075 335 1109 363
car 0.9777 334 141 359 173
car 0.9763 387 152 411 190
car 0.9750 83 540 122 565
car 0.9731 1179 478 1204 509
car 0.9731 900 464 932 494
car 0.9720 125 500 164 527
car 0.9710 427 117 457 152
car 0.9696 35 151 65 175
car 0.9688 1130 122 1163 144
car 0.9679 281 444 322 470
car 0.9633 149 441 183 464
car 0.9630 850 472 884 499
car 0.9614 250 359 282 383
car 0.9610 0 451 28 484
car 0.9588 843 276 877 294
car 0.9586 969 370 1001 398
car 0.9542 426 371 458 390
car 0.9496 656 308 691 326
car 0.9473 438 425 476 446
car 0.9400 886 443 916 471
car 0.9397 204 471 242 494
car 0.8341 438 204 464 238
van 0.9796 783 116 816 144
van 0.9781 861 500 896 528
van 0.9768 1157 433 1183 465
van 0.9765 923 411 952 438
van 0.9587 313 405 346 430
van 0.9381 977 167 1007 181
van 0.9377 321 100 344 134
van 0.9338 368 98 391 128
van 0.9212 1054 322 1088 348
van 0.9115 444 266 460 296
van 0.9107 1109 502 1139 522
van 0.9066 1133 527 1160 546
van 0.9054 513 326 549 351
van 0.8876 579 330 609 347
truck 0.9775 945 98 971 127
truck 0.9757 1271 74 1310 100
truck 0.9696 614 527 643 552
truck 0.9642 530 456 567 482
awning-tricycle 0.8807 988 110 1007 133
awning-tricycle 0.8573 919 519 948 544
awning-tricycle 0.6127 622 718 635 743
bus 0.9165 957 213 1038 234
motor 0.8983 1261 181 1279 193
motor 0.8952 616 297 632 308
motor 0.8315 281 505 295 516
motor 0.8281 707 698 719 717
motor 0.7500 938 230 953 241
motor 0.7299 420 199 437 224
motor 0.7092 454 172 468 190
motor 0.5898 865 209 879 220
motor 0.4980 422 85 435 104
motor 0.3388 423 96 437 116
motor 0.3314 430 85 442 102
motor 0.3311 867 216 880 226
motor 0.3175 1253 182 1273 194
motor 0.3109 431 100 446 119
others 0.8994 1130 315 1168 346
