ignored-regions 0.8569 1174 47 1192 61
pedestrian 0.8029 624 424 636 436
pedestrian 0.7540 387 279 399 292
pedestrian 0.7033 1085 166 1099 175
pedestrian 0.6921 68 481 82 491
pedestrian 0.5801 1076 160 1091 170
pedestrian 0.3159 69 459 83 471
car 0.9822 1102 315 1138 345
car 0.9813 962 376 995 404
car 0.9807 429 117 457 154
car 0.9795 783 115 816 143
car 0.9768 34 152 67 176
car 0.9710 333 139 358 173
car 0.9709 620 317 657 338
car 0.9706 387 153 411 191
car 0.9703 1180 476 1204 507
car 0.9675 1129 121 1163 144
car 0.9665 850 473 883 500
car 0.9644 900 464 932 494
car 0.9628 248 359 281 383
car 0.9615 149 441 183 465
car 0.9614 293 442 331 466
car 0.9605 1 451 28 484
car 0.9567 470 429 507 451
car 0.9564 776 282 811 301
car 0.9470 437 283 458 316
car 0.9433 368 97 391 128
car 0.9398 885 443 915 471
car 0.9307 220 465 256 490
car 0.9285 381 385 410 406
car 0.9283 138 525 174 548
car 0.8607 322 99 346 135
car 0.7314 473 344 509 368
van 0.9847 922 411 952 438
van 0.9826 149 492 187 517
van 0.9790 861 499 895 528
van 0.9767 1026 355 1057 382
van 0.9765 1157 432 1182 464
van 0.9476 976 165 1009 181
van 0.9411 253 426 289 451
van 0.9235 446 225 466 254
van 0.9124 549 341 576 358
van 0.9073 944 97 973 126
van 0.8968 1109 502 1139 522
van 0.8765 1133 527 1160 546
van 0.4435 1126 519 1156 538
truck 0.9751 1272 75 1310 100
truck 0.9624 563 472 601 502
truck 0.9361 648 545 676 568
awning-tricycle 0.9337 939 504 967 529
awning-tricycle 0.8565 988 109 1006 133
bus 0.9280 960 213 1040 234
motor 0.8734 928 224 944 236
motor 0.8589 583 308 597 320
motor 0.8336 454 174 470 194
motor 0.8052 1245 188 1266 200
motor 0.7988 851 205 865 216
motor 0.7137 262 511 277 526
motor 0.7042 424 198 439 223
motor 0.5687 422 82 436 102
motor 0.4529 706 734 717 750
motor 0.4204 429 82 442 101
motor 0.4080 864 206 878 218
motor 0.3926 260 508 273 521
motor 0.3207 467 184 481 201
others 0.9027 1154 300 1196 328
