ignored-regions 0.8160 1174 47 1193 62
pedestrian 0.8429 627 404 638 417
pedestrian 0.8213 63 481 78 493
pedestrian 0.7011 390 287 401 300
pedestrian 0.6362 1090 169 1104 178
pedestrian 0.3556 1078 159 1091 169
pedestrian 0.3187 595 436 608 448
car 0.9855 782 115 815 144
car 0.9832 1133 296 1168 324
car 0.9821 430 117 457 153
car 0.9777 35 151 68 176
car 0.9767 302 439 338 462
car 0.9749 1180 475 1204 506
car 0.9734 1130 122 1164 144
car 0.9725 431 363 468 387
car 0.9712 250 359 283 383
car 0.9688 334 139 360 174
car 0.9688 960 378 991 405
car 0.9688 901 465 933 494
car 0.9685 1 450 29 485
car 0.9678 388 154 411 191
car 0.9639 148 440 186 465
car 0.9626 849 474 882 500
car 0.9556 334 401 363 423
car 0.9550 428 299 454 333
car 0.9527 233 463 268 487
car 0.9512 587 325 623 348
car 0.9502 885 443 916 471
car 0.9499 369 98 393 129
car 0.9448 501 438 537 463
car 0.9441 193 507 226 530
car 0.9039 711 294 747 314
car 0.8849 324 99 349 135
van 0.9864 922 411 952 438
van 0.9785 944 98 973 127
van 0.9712 1158 432 1182 464
van 0.9699 1003 381 1034 406
van 0.9699 862 500 895 529
van 0.9556 977 165 1009 182
van 0.9433 169 485 208 512
van 0.9304 197 446 231 472
van 0.9002 449 242 466 271
van 0.8825 1109 502 1140 522
van 0.8609 1133 527 1160 546
van 0.7898 519 350 549 367
van 0.3169 1125 517 1154 535
truck 0.9815 1271 75 1310 101
truck 0.9717 682 558 712 580
truck 0.9504 600 492 637 521
awning-tricycle 0.8480 989 106 1007 130
awning-tricycle 0.8230 963 480 992 507
bus 0.9143 962 213 1041 234
motor 0.9165 553 319 567 331
motor 0.8323 451 173 466 193
motor 0.7712 1231 196 1251 209
motor 0.7333 922 217 938 228
motor 0.7000 241 517 259 531
motor 0.6886 847 205 861 216
motor 0.6337 423 197 440 223
motor 0.4871 422 81 435 100
motor 0.4330 1207 198 1226 209
motor 0.4168 470 193 482 210
motor 0.3247 430 81 442 100
motor 0.3175 468 187 481 204
motor 0.3021 248 512 267 527
others 0.7211 1188 285 1228 314
