ignored-regions 0.4284 1174 46 1193 61
pedestrian 0.8156 58 484 73 495
pedestrian 0.4905 390 292 403 307
pedestrian 0.3301 627 391 641 405
pedestrian 0.3188 1095 171 1111 182
car 0.9842 782 115 816 143
car 0.9819 430 117 457 153
car 0.9782 960 377 993 404
car 0.9765 35 151 68 176
car 0.9746 1180 473 1204 504
car 0.9734 308 437 345 460
car 0.9731 149 440 185 465
car 0.9729 249 359 282 383
car 0.9696 334 139 359 174
car 0.9680 1 450 29 485
car 0.9679 1129 120 1165 144
car 0.9672 388 155 411 192
car 0.9672 901 465 932 494
car 0.9670 552 337 588 359
car 0.9670 386 378 423 404
car 0.9628 245 491 277 513
car 0.9618 285 419 316 441
car 0.9540 885 443 915 472
car 0.9500 369 97 393 129
car 0.9493 849 474 882 501
car 0.9435 532 453 568 482
car 0.9415 1169 270 1204 297
car 0.9358 420 316 445 349
car 0.9129 239 461 275 483
car 0.8969 653 308 687 329
car 0.8821 324 99 349 136
van 0.9859 922 411 952 438
van 0.9815 945 98 973 127
van 0.9774 980 401 1011 427
van 0.9677 862 500 895 529
van 0.9653 141 468 178 495
van 0.9641 184 479 221 506
van 0.9536 976 164 1010 182
van 0.9521 1159 431 1182 465
van 0.9477 486 360 514 378
van 0.9256 449 257 466 286
van 0.8985 1109 501 1140 522
van 0.8698 1133 527 1160 546
van 0.3505 1126 518 1155 536
truck 0.9804 1271 74 1310 101
truck 0.9580 634 510 672 540
truck 0.9402 718 567 746 588
awning-tricycle 0.8729 989 106 1007 130
awning-tricycle 0.8487 982 457 1011 486
bus 0.9251 959 212 1041 235
motor 0.8295 451 172 465 194
motor 0.7906 522 330 534 342
motor 0.6996 424 197 440 224
motor 0.6077 221 524 238 538
motor 0.5865 1219 205 1237 217
motor 0.5187 847 205 861 216
motor 0.4606 422 81 435 100
motor 0.4409 917 214 931 226
others 0.8767 1216 267 1260 296
