pedestrian 0.7501 54 485 70 497
car 0.9852 1214 242 1249 267
car 0.9797 430 117 457 155
car 0.9796 34 151 68 177
car 0.9777 782 115 816 143
car 0.9756 960 377 993 404
car 0.9755 900 465 932 494
car 0.9705 312 436 351 459
car 0.9698 1 450 29 486
car 0.9696 149 440 186 466
car 0.9693 608 320 642 342
car 0.9672 249 359 282 382
car 0.9666 1180 471 1205 503
car 0.9651 335 140 358 174
car 0.9641 387 154 409 191
car 0.9627 521 347 555 370
car 0.9586 343 395 379 420
car 0.9555 243 460 278 483
car 0.9518 369 98 392 129
car 0.9509 410 330 436 361
car 0.9473 1128 119 1165 144
car 0.9450 567 474 602 502
car 0.9352 295 479 328 499
car 0.9257 237 437 268 461
car 0.9255 886 441 916 469
car 0.9231 847 475 880 503
car 0.8459 323 99 346 134
van 0.9834 81 491 118 519
van 0.9805 921 410 951 438
van 0.9778 190 478 227 506
van 0.9773 965 413 994 440
van 0.9770 944 98 974 127
van 0.9754 862 499 894 528
van 0.9585 445 271 464 300
van 0.9585 1159 431 1181 464
van 0.9577 976 163 1011 182
van 0.9429 453 371 480 390
van 0.9259 1108 499 1140 521
van 0.8817 1134 527 1161 546
van 0.3464 1128 521 1158 540
truck 0.9796 1269 72 1309 100
truck 0.9517 752 572 782 590
truck 0.9471 669 523 708 552
awning-tricycle 0.9400 1001 435 1028 460
awning-tricycle 0.8917 989 106 1006 131
bus 0.8925 957 212 1038 234
motor 0.9160 491 341 504 353
motor 0.8708 452 172 464 193
motor 0.3536 423 82 435 102
others 0.9067 1254 254 1293 278
