pedestrian 0.9069 1205 704 1224 727
pedestrian 0.8627 737 702 752 716
pedestrian 0.7721 1219 549 1232 565
pedestrian 0.6489 657 802 669 818
pedestrian 0.4375 1215 556 1226 571
pedestrian 0.3642 1231 523 1246 540
pedestrian 0.3568 1226 539 1239 555
bicycle 0.8333 843 353 869 370
car 0.9797 167 279 236 322
car 0.9795 280 515 355 561
car 0.9790 348 437 415 481
car 0.9788 831 881 892 953
car 0.9788 1535 675 1611 720
car 0.9788 1659 961 1733 1011
car 0.9777 1469 755 1540 799
car 0.9769 515 493 585 540
car 0.9763 1336 70 1387 135
car 0.9761 1179 739 1246 804
car 0.9759 429 463 491 503
car 0.9759 146 376 219 418
car 0.9753 906 902 973 971
car 0.9748 997 706 1046 769
car 0.9747 91 449 165 497
car 0.9741 1409 8 1465 69
car 0.9727 1488 611 1560 657
car 0.9726 1329 704 1401 747
car 0.9708 315 476 386 523
car 0.9707 589 570 657 616
car 0.9703 282 312 359 361
car 0.9699 1379 572 1451 615
car 0.9654 172 483 246 532
car 0.9634 1123 635 1166 707
car 0.9629 1449 695 1522 743
car 0.9625 448 571 520 618
car 0.9620 1323 868 1390 911
car 0.9603 1180 236 1234 299
car 0.9588 1724 838 1797 883
car 0.9528 1088 303 1140 364
car 0.9526 1556 787 1630 832
car 0.9519 52 394 96 460
car 0.9505 31 225 102 280
car 0.9505 1637 813 1715 860
car 0.9490 1342 606 1405 645
car 0.9471 604 529 674 574
car 0.9466 1401 735 1460 770
car 0.9458 503 544 571 585
car 0.9453 374 545 438 583
car 0.9430 1334 656 1399 701
car 0.9414 27 292 92 352
car 0.9368 1053 426 1102 491
car 0.9309 553 610 625 649
car 0.8896 26 357 97 396
car 0.8571 0 416 50 459
van 0.9823 91 280 161 322
van 0.9458 1807 866 1895 914
van 0.9393 406 510 477 553
truck 0.9725 1127 399 1180 466
truck 0.9295 667 959 774 1068
bus 0.9347 914 621 960 773
bus 0.9086 879 351 1038 434
motor 0.9087 776 339 804 361
motor 0.8411 696 915 716 934
motor 0.7045 736 880 759 902
motor 0.3228 719 318 749 339
