pedestrian 0.7499 47 489 62 500
pedestrian 0.3351 53 486 67 497
car 0.9797 570 332 604 355
car 0.9795 33 152 67 178
car 0.9773 1180 471 1205 503
car 0.9750 1 451 28 487
car 0.9749 960 376 992 404
car 0.9744 901 465 931 493
car 0.9741 487 357 522 382
car 0.9730 188 455 219 479
car 0.9724 242 460 277 484
car 0.9717 781 116 815 143
car 0.9687 430 118 457 154
car 0.9645 150 442 185 466
car 0.9623 386 155 409 192
car 0.9623 335 140 358 173
car 0.9599 1270 215 1305 240
car 0.9566 249 359 282 383
car 0.9535 603 497 638 524
car 0.9514 344 473 378 492
car 0.9505 1129 118 1164 142
car 0.9494 368 98 391 129
car 0.9356 397 345 427 374
car 0.9349 299 412 334 435
car 0.9254 315 434 352 458
car 0.9248 885 441 915 469
car 0.9088 846 476 877 503
car 0.8914 322 99 345 135
car 0.5171 855 471 884 497
van 0.9829 923 411 952 438
van 0.9778 943 98 974 127
van 0.9728 417 382 446 403
van 0.9722 437 288 458 315
van 0.9657 862 499 894 527
van 0.9609 1158 432 1181 463
van 0.9581 975 162 1012 182
van 0.9561 194 479 229 504
van 0.9367 951 426 980 451
van 0.9335 1108 498 1141 520
van 0.9255 18 514 57 541
van 0.8967 1133 524 1161 543
truck 0.9806 1269 71 1309 99
truck 0.9739 707 536 743 562
truck 0.9515 791 570 821 589
awning-tricycle 0.9153 1023 413 1052 441
awning-tricycle 0.8948 988 107 1006 130
awning-tricycle 0.6666 1023 424 1050 451
bus 0.9078 957 213 1037 234
motor 0.8717 451 172 464 194
motor 0.7646 463 350 477 363
others 0.7459 1289 241 1326 265
