pedestrian 0.8625 39 488 56 500
car 0.9828 149 442 184 466
car 0.9774 31 152 66 177
car 0.9771 1180 470 1205 502
car 0.9733 429 117 455 152
car 0.9731 638 515 675 543
car 0.9715 959 376 992 403
car 0.9703 0 451 27 485
car 0.9690 901 464 930 492
car 0.9674 781 115 814 141
car 0.9672 385 355 412 383
car 0.9651 532 342 567 365
car 0.9612 249 359 281 383
car 0.9596 386 154 408 191
car 0.9528 138 474 170 496
car 0.9496 334 139 357 174
car 0.9471 392 474 427 493
car 0.9452 454 368 489 391
car 0.9443 250 429 284 453
car 0.9443 1129 117 1164 141
car 0.9438 367 97 390 128
car 0.9348 315 434 352 456
car 0.9302 241 461 276 483
car 0.9151 885 441 915 469
car 0.8839 323 98 345 134
car 0.8545 845 477 876 504
car 0.4427 855 471 885 497
van 0.9833 921 411 952 436
van 0.9787 943 432 972 455
van 0.9774 943 97 973 126
van 0.9652 1159 431 1181 463
van 0.9639 973 161 1011 182
van 0.9598 194 476 228 503
van 0.9500 1107 497 1141 519
van 0.9461 862 499 894 527
van 0.9258 429 302 451 331
van 0.9014 381 394 409 412
van 0.8471 1132 524 1160 543
truck 0.9788 1269 70 1309 98
truck 0.9712 830 558 861 581
truck 0.9687 742 545 781 568
awning-tricycle 0.9680 1042 388 1069 415
awning-tricycle 0.9287 987 106 1005 129
bus 0.9357 958 212 1038 234
motor 0.9115 437 360 452 372
motor 0.8550 450 173 462 192
others 0.5015 1305 232 1339 257
