pedestrian 0.8101 33 492 49 504
car 0.9786 677 533 713 558
car 0.9778 1180 469 1205 501
car 0.9774 32 151 66 177
car 0.9709 1 451 28 485
car 0.9707 429 117 456 151
car 0.9686 249 359 282 382
car 0.9681 959 376 991 403
car 0.9677 781 114 813 141
car 0.9609 900 465 929 493
car 0.9608 424 377 459 401
car 0.9606 149 441 185 466
car 0.9589 243 460 279 483
car 0.9578 1129 116 1164 141
car 0.9489 498 354 532 378
car 0.9479 368 366 398 391
car 0.9475 335 139 358 173
car 0.9471 386 154 408 191
car 0.9445 368 98 390 128
car 0.9239 89 493 119 515
car 0.9239 204 442 239 468
car 0.9188 315 434 353 456
car 0.8871 322 98 345 134
car 0.8799 884 441 915 469
car 0.8408 438 481 472 501
car 0.8249 844 477 876 504
car 0.4730 855 472 885 497
van 0.9864 921 411 952 436
van 0.9771 943 97 973 126
van 0.9750 939 437 968 460
van 0.9700 1159 431 1181 462
van 0.9676 194 476 229 502
van 0.9619 973 160 1012 181
van 0.9534 421 316 444 345
van 0.9504 344 406 374 425
van 0.9492 1108 497 1141 519
van 0.9026 1132 523 1161 543
van 0.8889 863 497 896 525
truck 0.9789 776 551 814 571
truck 0.9703 1269 68 1309 97
truck 0.9676 868 538 901 562
awning-tricycle 0.9786 1065 367 1092 394
awning-tricycle 0.9259 988 106 1006 130
bus 0.9218 958 212 1039 234
motor 0.9188 417 365 430 378
motor 0.7972 450 172 463 192
