pedestrian 0.8249 28 493 46 507
car 0.9763 34 151 67 176
car 0.9721 960 377 992 403
car 0.9720 249 358 282 382
car 0.9717 781 115 814 143
car 0.9709 150 440 185 464
car 0.9694 1129 117 1164 142
car 0.9692 350 374 383 400
car 0.9688 1179 470 1205 502
car 0.9687 430 116 457 151
car 0.9682 242 460 279 483
car 0.9663 0 451 29 485
car 0.9633 715 545 751 569
car 0.9623 464 363 500 389
car 0.9548 335 139 358 173
car 0.9528 901 466 929 493
car 0.9476 368 98 391 128
car 0.9467 481 496 517 524
car 0.9396 386 154 408 191
car 0.9361 320 433 355 456
car 0.9086 152 465 190 489
car 0.9029 390 388 426 412
car 0.8978 36 511 66 535
car 0.8779 882 445 912 471
car 0.8743 323 98 345 134
car 0.8344 844 478 876 505
car 0.3970 855 473 885 499
van 0.9868 921 412 952 437
van 0.9741 1158 431 1182 463
van 0.9736 944 97 974 126
van 0.9719 195 475 230 502
van 0.9658 974 160 1013 181
van 0.9599 410 330 435 358
van 0.9579 308 419 338 439
van 0.9557 936 439 964 462
van 0.9489 1107 498 1141 519
van 0.9150 862 497 895 526
van 0.8582 1132 524 1161 543
truck 0.9796 904 509 935 538
truck 0.9781 1270 70 1310 100
truck 0.9455 808 549 845 569
awning-tricycle 0.9846 1088 348 1115 375
awning-tricycle 0.9097 989 106 1006 130
bus 0.9048 961 212 1040 235
motor 0.8050 395 373 412 386
motor 0.7970 451 171 463 191
