pedestrian 0.8374 24 496 41 509
car 0.9745 33 151 66 176
car 0.9745 103 480 140 506
car 0.9729 1180 471 1206 504
car 0.9713 148 441 184 465
car 0.9712 429 116 456 151
car 0.9689 960 376 991 403
car 0.9675 781 115 814 142
car 0.9672 353 400 386 423
car 0.9672 1 451 27 484
car 0.9647 754 552 789 573
car 0.9647 249 357 282 381
car 0.9646 331 382 364 406
car 0.9640 242 460 278 483
car 0.9624 432 376 468 400
car 0.9578 1129 117 1164 142
car 0.9503 518 525 553 556
car 0.9423 335 138 358 173
car 0.9403 900 465 929 492
car 0.9382 385 154 408 191
car 0.9358 367 97 389 127
car 0.9165 315 432 353 456
car 0.8899 881 445 911 471
car 0.8819 844 478 876 506
car 0.8669 323 98 345 134
car 0.4240 360 395 391 417
van 0.9869 920 412 951 437
van 0.9708 1158 431 1182 463
van 0.9685 194 475 230 501
van 0.9654 944 97 974 126
van 0.9630 974 161 1013 181
van 0.9531 864 497 895 526
van 0.9456 1107 497 1141 519
van 0.9429 269 430 300 450
van 0.9416 935 439 963 463
van 0.8790 1132 524 1161 543
van 0.7179 403 342 427 371
truck 0.9738 1269 69 1309 98
truck 0.9737 836 541 876 563
truck 0.9703 940 477 971 505
awning-tricycle 0.9242 1112 330 1141 355
awning-tricycle 0.9127 989 106 1006 130
bus 0.9170 957 212 1039 234
motor 0.8102 378 382 394 397
motor 0.7777 450 171 462 191
