pedestrian 0.8236 17 497 33 510
car 0.9786 32 150 65 176
car 0.9755 1181 474 1206 507
car 0.9718 428 116 455 151
car 0.9699 148 440 184 464
car 0.9674 0 450 27 484
car 0.9672 782 114 815 141
car 0.9652 959 376 991 403
car 0.9639 552 566 583 598
car 0.9568 901 465 929 494
car 0.9568 243 459 279 482
car 0.9564 1129 117 1164 142
car 0.9513 248 357 281 381
car 0.9507 55 498 91 525
car 0.9505 306 390 339 413
car 0.9441 385 154 407 191
car 0.9408 334 138 357 172
car 0.9392 367 97 389 127
car 0.9322 400 386 435 410
car 0.9269 312 413 346 437
car 0.9198 881 444 911 472
car 0.9099 315 433 350 456
car 0.9056 791 556 826 575
car 0.9013 842 479 872 507
car 0.8386 323 98 345 133
van 0.9867 920 411 951 437
van 0.9776 193 476 229 502
van 0.9710 391 353 418 381
van 0.9675 944 97 974 126
van 0.9672 1158 431 1182 463
van 0.9660 974 160 1013 181
van 0.9479 1107 497 1141 519
van 0.9265 863 498 894 526
van 0.8823 936 439 963 462
van 0.8443 232 439 263 461
van 0.8258 1132 524 1161 543
truck 0.9698 1269 69 1310 97
truck 0.9677 865 531 901 555
truck 0.9247 981 441 1010 466
awning-tricycle 0.9762 1138 314 1165 338
awning-tricycle 0.9304 989 106 1006 130
bus 0.9272 960 212 1040 234
motor 0.7373 358 393 372 404
motor 0.7150 450 171 462 192
motor 0.6221 359 388 374 400
