pedestrian 0.8467 14 500 29 513
car 0.9777 30 151 64 177
car 0.9740 1182 477 1206 511
car 0.9731 428 116 454 150
car 0.9713 828 551 862 572
car 0.9695 901 465 929 493
car 0.9684 147 441 183 465
car 0.9672 285 398 318 423
car 0.9669 781 115 813 141
car 0.9640 1 451 27 483
car 0.9637 959 376 990 403
car 0.9608 248 358 281 381
car 0.9608 242 460 277 482
car 0.9537 881 444 911 472
car 0.9474 385 154 407 191
car 0.9473 1129 117 1164 141
car 0.9465 314 433 351 457
car 0.9460 367 97 389 127
car 0.9405 333 138 356 173
car 0.9390 274 427 308 449
car 0.9372 373 396 405 419
car 0.9071 579 614 608 648
car 0.9057 323 98 345 133
car 0.8841 837 480 868 509
car 0.8404 7 520 42 546
car 0.3165 284 416 315 440
van 0.9880 920 411 951 436
van 0.9744 1159 431 1181 463
van 0.9724 943 97 973 126
van 0.9631 862 499 893 527
van 0.9585 974 160 1012 181
van 0.9492 194 476 227 502
van 0.9450 1107 497 1141 519
van 0.9362 193 455 224 479
van 0.9118 935 439 963 463
van 0.8891 1132 523 1161 543
van 0.8482 379 363 406 391
truck 0.9761 1269 70 1309 98
truck 0.9758 1021 409 1048 434
truck 0.9619 892 511 927 539
awning-tricycle 0.9578 1162 295 1193 320
awning-tricycle 0.9276 988 106 1006 129
bus 0.9254 957 212 1038 234
motor 0.8809 338 399 354 411
motor 0.6727 450 171 462 191
