pedestrian 0.7134 7 502 23 515
car 0.9851 859 538 893 563
car 0.9796 899 466 929 493
car 0.9771 428 116 454 151
car 0.9768 147 441 183 465
car 0.9722 30 151 64 177
car 0.9699 780 115 813 142
car 0.9695 833 489 862 517
car 0.9689 248 357 280 381
car 0.9671 876 450 906 479
car 0.9605 959 376 991 403
car 0.9586 0 451 26 484
car 0.9581 1183 477 1208 511
car 0.9570 601 664 630 699
car 0.9488 367 97 389 128
car 0.9475 333 139 356 173
car 0.9457 385 154 407 192
car 0.9440 267 406 298 430
car 0.9402 347 403 379 428
car 0.9362 1129 117 1164 142
car 0.9318 314 434 351 457
car 0.9260 241 462 276 483
car 0.9198 323 98 345 134
car 0.7787 236 438 270 461
van 0.9899 918 413 950 438
van 0.9778 192 477 227 503
van 0.9686 943 97 973 126
van 0.9646 1160 431 1182 464
van 0.9535 974 160 1012 181
van 0.9524 1298 190 1336 217
van 0.9486 366 369 396 396
van 0.9457 1107 497 1141 519
van 0.9280 864 499 895 528
van 0.9076 934 439 963 464
van 0.8990 159 467 192 491
van 0.8827 1132 524 1161 543
truck 0.9734 1269 70 1308 98
truck 0.9716 917 491 951 520
truck 0.9655 1061 375 1088 402
awning-tricycle 0.9277 1195 282 1222 306
awning-tricycle 0.9134 988 106 1005 129
bus 0.9210 958 212 1038 234
motor 0.9013 317 407 332 419
motor 0.7706 450 168 462 188
