pedestrian 0.6472 2 504 18 517
pedestrian 0.3584 24 524 41 537
car 0.9819 868 456 898 485
car 0.9804 889 514 918 545
car 0.9742 427 116 454 151
car 0.9741 29 152 64 177
car 0.9739 147 441 183 465
car 0.9735 830 491 860 518
car 0.9727 243 459 278 483
car 0.9696 247 356 280 381
car 0.9682 958 375 990 404
car 0.9672 780 114 813 141
car 0.9633 897 467 926 495
car 0.9584 205 449 237 473
car 0.9581 1183 476 1209 512
car 0.9570 0 451 25 483
car 0.9524 333 139 356 173
car 0.9524 1127 117 1162 143
car 0.9484 366 97 388 128
car 0.9401 384 154 407 192
car 0.9377 249 413 281 438
car 0.9253 322 98 344 133
car 0.9239 316 415 348 438
car 0.9216 314 433 351 457
car 0.8366 620 717 646 752
van 0.9713 1242 214 1283 239
van 0.9680 943 97 973 126
van 0.9645 1159 431 1182 463
van 0.9642 352 376 381 400
van 0.9603 193 477 227 502
van 0.9592 972 160 1012 181
van 0.9585 1107 497 1140 520
van 0.9534 861 499 894 529
van 0.9486 123 480 154 503
van 0.9435 913 418 945 445
van 0.9019 934 440 963 464
van 0.8698 1130 525 1158 543
truck 0.9741 942 466 974 495
truck 0.9712 1269 70 1308 98
truck 0.9649 1096 342 1127 370
awning-tricycle 0.9779 1220 268 1251 294
awning-tricycle 0.9013 987 106 1005 130
bus 0.9179 957 212 1038 234
motor 0.7977 295 413 309 424
motor 0.6918 450 171 461 190
