car 0.9779 1182 477 1207 511
car 0.9769 427 115 453 151
car 0.9745 146 441 182 465
car 0.9738 829 492 857 520
car 0.9734 314 433 352 459
car 0.9722 29 152 63 178
car 0.9721 246 357 280 380
car 0.9711 245 459 280 482
car 0.9692 780 113 813 140
car 0.9668 0 452 25 485
car 0.9641 862 460 891 489
car 0.9636 235 421 267 446
car 0.9623 958 376 989 404
car 0.9595 173 460 208 486
car 0.9517 896 465 927 493
car 0.9471 913 491 944 521
car 0.9461 1126 115 1162 142
car 0.9447 333 139 355 172
car 0.9391 384 154 407 192
car 0.9363 365 97 388 128
car 0.9207 322 98 344 133
car 0.8691 284 423 316 447
van 0.9882 900 429 930 457
van 0.9809 1188 238 1230 266
van 0.9628 88 494 119 515
van 0.9625 943 97 973 126
van 0.9592 1106 497 1140 519
van 0.9583 1160 431 1182 463
van 0.9533 972 159 1012 180
van 0.9509 193 475 227 502
van 0.9315 932 441 959 465
van 0.9313 859 502 889 531
van 0.8997 1132 523 1161 543
van 0.8967 338 381 366 406
truck 0.9692 1136 318 1166 344
truck 0.9657 1269 69 1307 97
truck 0.9583 977 434 1009 463
awning-tricycle 0.9040 1250 256 1282 280
awning-tricycle 0.9029 987 105 1005 130
bus 0.9001 956 211 1038 234
motor 0.7681 274 415 292 431
motor 0.7246 450 172 462 191
