pedestrian 0.9203 1203 703 1222 728
pedestrian 0.7749 1221 535 1233 550
pedestrian 0.7417 749 669 764 686
pedestrian 0.6870 658 802 670 818
pedestrian 0.4668 1226 531 1239 547
pedestrian 0.3433 661 808 673 825
bicycle 0.9225 813 342 838 359
car 0.9807 1232 771 1303 822
car 0.9806 851 844 913 916
car 0.9800 348 437 414 481
car 0.9795 1516 666 1591 713
car 0.9793 280 516 354 561
car 0.9763 427 463 488 501
car 0.9756 1142 288 1198 354
car 0.9755 514 493 583 538
car 0.9747 1488 609 1561 657
car 0.9739 164 279 231 320
car 0.9737 1441 690 1512 737
car 0.9736 1027 459 1081 530
car 0.9726 1051 357 1102 419
car 0.9722 1378 571 1451 615
car 0.9718 314 476 385 523
car 0.9709 1470 753 1539 797
car 0.9700 281 312 358 359
car 0.9690 92 448 164 496
car 0.9684 504 543 572 586
car 0.9679 1428 888 1499 935
car 0.9678 1329 701 1401 745
car 0.9666 448 571 519 618
car 0.9656 1037 635 1085 696
car 0.9653 171 481 246 529
car 0.9650 1724 835 1797 881
car 0.9642 950 865 1019 928
car 0.9621 60 361 130 400
car 0.9613 1556 785 1628 830
car 0.9610 181 387 255 429
car 0.9585 1136 673 1186 744
car 0.9567 590 569 657 615
car 0.9561 1829 1021 1894 1069
car 0.9557 1638 812 1714 858
car 0.9545 1335 656 1400 701
car 0.9532 52 393 95 460
car 0.9486 604 529 672 573
car 0.9456 1341 605 1404 643
car 0.9424 28 225 100 280
car 0.9343 1368 24 1417 84
car 0.9341 1398 732 1460 769
car 0.9311 374 543 439 580
car 0.9264 553 610 625 649
car 0.9193 26 290 91 352
car 0.8590 0 416 50 459
car 0.7180 1432 0 1488 24
van 0.9765 93 280 160 320
van 0.9455 1806 864 1895 912
van 0.9415 406 509 478 553
truck 0.9615 1159 353 1211 414
truck 0.7376 671 1021 732 1064
bus 0.9760 898 580 955 733
bus 0.9143 820 367 978 429
motor 0.8441 709 312 738 335
motor 0.8244 693 946 717 972
motor 0.6386 684 946 705 970
