car 0.9839 937 469 967 498
car 0.9832 824 496 853 523
car 0.9800 426 116 453 152
car 0.9783 146 442 184 467
car 0.9775 28 152 63 178
car 0.9757 859 464 888 492
car 0.9724 1182 477 1208 511
car 0.9701 247 357 280 380
car 0.9687 780 114 813 142
car 0.9606 313 434 352 458
car 0.9605 954 380 985 407
car 0.9557 214 431 244 458
car 0.9524 0 455 25 485
car 0.9507 1127 116 1161 142
car 0.9506 142 473 176 495
car 0.9460 895 468 924 496
car 0.9451 332 140 355 174
car 0.9402 366 98 388 129
car 0.9337 322 99 344 134
car 0.9336 384 153 407 192
car 0.9284 246 459 282 484
car 0.8494 251 437 284 461
van 0.9760 849 514 879 543
van 0.9755 50 507 82 531
van 0.9706 193 477 229 504
van 0.9664 943 97 973 126
van 0.9641 973 160 1013 181
van 0.9632 1159 431 1182 463
van 0.9598 1107 496 1141 519
van 0.9557 891 435 922 460
van 0.9533 323 390 351 414
van 0.9249 1137 267 1174 295
van 0.9017 1132 523 1161 543
van 0.8808 928 442 957 468
truck 0.9741 1004 409 1032 437
truck 0.9689 1178 295 1207 320
truck 0.9638 1268 69 1307 97
awning-tricycle 0.9681 1279 242 1311 264
awning-tricycle 0.8951 987 105 1005 130
bus 0.9016 957 211 1039 233
motor 0.8499 259 422 276 437
motor 0.8026 450 174 461 194
