car 0.9831 426 116 453 153
car 0.9825 811 508 841 537
car 0.9773 856 466 886 495
car 0.9769 961 444 994 474
car 0.9762 29 152 63 178
car 0.9759 107 484 144 510
car 0.9758 320 432 359 457
car 0.9742 246 358 280 381
car 0.9735 246 457 285 483
car 0.9690 780 114 813 142
car 0.9600 1182 477 1208 511
car 0.9579 890 476 920 505
car 0.9576 1127 117 1161 143
car 0.9559 145 442 183 468
car 0.9467 943 390 973 418
car 0.9437 333 139 354 173
car 0.9399 0 454 25 486
car 0.9391 384 154 406 193
car 0.9375 366 97 388 128
car 0.9360 195 441 226 467
car 0.9233 322 99 344 134
car 0.7590 228 446 263 470
car 0.7319 409 1 425 21
van 0.9719 193 478 231 504
van 0.9697 926 445 955 471
van 0.9642 1158 430 1182 462
van 0.9636 972 160 1012 180
van 0.9618 891 437 920 463
van 0.9611 11 521 44 546
van 0.9549 942 97 973 126
van 0.9478 302 400 331 423
van 0.9466 1107 497 1141 519
van 0.9346 832 535 863 566
van 0.9333 1088 298 1126 330
van 0.8972 1132 524 1161 543
truck 0.9833 1038 376 1068 403
truck 0.9759 1269 70 1308 98
truck 0.9628 1217 274 1245 300
awning-tricycle 0.9160 987 105 1005 131
awning-tricycle 0.9146 1306 232 1339 257
bus 0.9158 959 211 1039 233
motor 0.7870 449 173 461 192
motor 0.5878 239 435 262 453
motor 0.5226 243 428 257 441
