car 0.9861 425 116 452 152
car 0.9831 878 485 908 514
car 0.9775 28 153 63 178
car 0.9766 246 358 279 381
car 0.9727 792 526 822 555
car 0.9700 841 479 871 508
car 0.9690 333 427 371 452
car 0.9685 251 457 290 480
car 0.9660 779 114 813 142
car 0.9633 1127 117 1161 143
car 0.9583 332 140 354 173
car 0.9578 74 496 112 522
car 0.9575 1182 477 1207 512
car 0.9546 931 400 961 427
car 0.9535 0 453 25 486
car 0.9516 174 451 206 478
car 0.9462 366 98 388 129
car 0.9453 992 419 1024 449
car 0.9406 384 154 406 193
car 0.9384 210 451 243 476
car 0.9311 322 98 344 134
car 0.9265 146 442 183 467
car 0.8898 421 26 439 50
van 0.9826 921 450 950 477
van 0.9757 888 439 918 466
van 0.9565 1158 430 1181 463
van 0.9563 1043 332 1082 362
van 0.9556 942 97 972 126
van 0.9542 817 563 845 594
van 0.9505 972 160 1012 181
van 0.9422 1107 498 1141 520
van 0.9258 280 411 308 435
van 0.9103 1132 524 1160 544
van 0.8671 200 476 236 503
truck 0.9842 1073 344 1107 375
truck 0.9755 1268 71 1307 99
truck 0.9744 1254 256 1283 281
awning-tricycle 0.9004 987 106 1004 131
bus 0.8884 959 212 1039 235
motor 0.7725 232 434 245 447
motor 0.7181 449 171 460 191
motor 0.5920 220 427 234 441
