car 0.9866 425 116 452 153
car 0.9830 864 497 895 525
car 0.9806 1021 393 1054 422
car 0.9781 824 499 851 526
car 0.9770 28 152 63 177
car 0.9707 923 407 952 434
car 0.9699 245 358 279 381
car 0.9693 780 114 813 142
car 0.9675 1181 478 1206 511
car 0.9659 38 510 76 537
car 0.9628 353 420 392 446
car 0.9627 332 139 354 173
car 0.9621 774 546 802 575
car 0.9604 1127 117 1161 144
car 0.9578 264 452 302 477
car 0.9483 365 97 388 129
car 0.9420 384 154 406 193
car 0.9377 0 455 25 486
car 0.9355 322 98 344 134
car 0.9288 192 457 224 483
car 0.9145 430 55 445 77
car 0.9114 145 466 176 490
car 0.8790 145 448 181 475
van 0.9871 880 448 910 476
van 0.9583 942 97 973 127
van 0.9570 1158 431 1181 463
van 0.9542 972 161 1012 181
van 0.9513 205 473 238 498
van 0.9358 1107 499 1141 520
van 0.9349 799 598 826 634
van 0.9036 1132 524 1160 544
van 0.9032 914 459 944 486
van 0.8788 1010 360 1046 389
van 0.8780 257 420 289 446
truck 0.9846 1115 316 1150 346
truck 0.9698 1269 71 1307 100
truck 0.9349 1290 239 1323 263
awning-tricycle 0.8727 986 105 1005 132
bus 0.8929 957 212 1038 234
motor 0.8560 217 439 230 453
motor 0.6694 450 172 460 191
