car 0.9874 425 116 451 155
car 0.9854 845 513 875 541
car 0.9830 801 518 830 546
car 0.9784 752 571 780 602
car 0.9778 1057 366 1088 394
car 0.9767 29 153 63 178
car 0.9725 245 358 279 380
car 0.9709 779 115 813 143
car 0.9681 282 445 322 471
car 0.9671 117 472 150 497
car 0.9665 377 408 418 434
car 0.9628 1180 478 1205 511
car 0.9618 1126 119 1161 143
car 0.9566 3 524 39 551
car 0.9547 332 140 353 173
car 0.9510 366 97 387 129
car 0.9486 915 415 944 444
car 0.9441 146 442 181 468
car 0.9420 1 454 24 486
car 0.9380 384 154 406 194
car 0.9249 322 99 344 135
car 0.9112 168 468 201 493
car 0.8969 439 80 456 103
van 0.9797 898 474 926 502
van 0.9751 977 391 1012 421
van 0.9721 866 459 896 487
van 0.9659 779 648 805 681
van 0.9643 941 97 972 127
van 0.9630 211 470 248 498
van 0.9480 1156 432 1181 463
van 0.9415 972 161 1011 182
van 0.9380 242 429 273 453
van 0.9368 1107 499 1140 520
van 0.9053 1131 527 1157 545
truck 0.9772 1267 71 1306 100
truck 0.9608 1157 288 1197 318
awning-tricycle 0.8566 986 106 1004 131
bus 0.9042 956 212 1037 234
motor 0.7935 199 447 214 462
motor 0.6240 195 451 209 465
motor 0.6064 449 171 460 191
