car 0.9844 424 116 450 155
car 0.9836 777 543 807 572
car 0.9818 825 536 854 564
car 0.9809 1093 338 1127 365
car 0.9766 245 358 278 380
car 0.9759 28 153 63 177
car 0.9736 308 436 347 460
car 0.9703 407 393 444 419
car 0.9677 780 114 813 143
car 0.9637 1180 478 1205 511
car 0.9603 729 605 756 634
car 0.9596 332 140 354 174
car 0.9585 1127 119 1161 143
car 0.9569 0 454 23 485
car 0.9531 133 481 167 507
car 0.9458 384 154 407 193
car 0.9449 366 97 387 128
car 0.9387 905 424 935 452
car 0.9352 87 485 118 508
car 0.9198 322 99 344 135
car 0.9085 144 441 181 468
car 0.8617 447 101 465 124
van 0.9843 224 464 260 492
van 0.9823 226 434 256 460
van 0.9749 879 493 907 520
van 0.9605 942 97 972 126
van 0.9514 850 475 881 502
van 0.9507 1156 432 1180 463
van 0.9501 972 161 1012 181
van 0.9319 1107 498 1140 520
van 0.9231 755 703 782 737
van 0.9226 949 419 983 450
van 0.8759 1131 527 1157 545
truck 0.9762 1267 71 1306 100
truck 0.9663 1209 265 1248 293
awning-tricycle 0.8616 986 105 1004 131
bus 0.9182 954 212 1037 234
motor 0.8063 178 456 194 472
motor 0.6074 450 171 460 191
