car 0.9846 1133 313 1167 340
car 0.9817 804 562 833 593
car 0.9775 426 117 450 152
car 0.9770 29 154 62 178
car 0.9763 751 575 779 603
car 0.9730 92 499 126 524
car 0.9707 779 114 814 143
car 0.9661 245 357 279 381
car 0.9647 1180 478 1206 511
car 0.9646 56 495 88 519
car 0.9613 331 140 353 174
car 0.9612 1127 119 1161 144
car 0.9539 433 373 471 401
car 0.9511 382 153 404 192
car 0.9506 337 426 378 450
car 0.9495 709 640 736 673
car 0.9396 0 454 23 485
car 0.9365 896 432 925 460
car 0.9346 365 98 387 129
car 0.9290 322 99 344 135
car 0.9030 452 121 470 146
car 0.8947 143 441 182 468
car 0.4466 147 450 175 473
car 0.3987 839 740 862 755
van 0.9857 247 458 281 485
van 0.9822 861 512 888 539
van 0.9793 919 448 953 477
van 0.9784 829 495 859 522
van 0.9618 941 96 972 127
van 0.9594 1158 431 1181 462
van 0.9545 972 161 1011 182
van 0.9490 1107 499 1141 520
van 0.9069 210 443 241 468
van 0.8819 1132 526 1161 546
truck 0.9756 1268 71 1307 100
truck 0.9498 1262 240 1301 268
awning-tricycle 0.8661 986 105 1004 131
bus 0.9142 955 212 1039 234
motor 0.6547 449 171 460 191
motor 0.5186 153 470 168 483
