car 0.9842 424 116 450 153
car 0.9812 785 591 812 621
car 0.9766 1176 290 1210 317
car 0.9755 28 153 62 178
car 0.9723 1180 477 1205 511
car 0.9688 727 606 754 634
car 0.9687 245 357 278 381
car 0.9670 882 445 913 471
car 0.9650 779 114 812 142
car 0.9636 369 413 407 437
car 0.9616 331 140 353 173
car 0.9599 1127 118 1161 144
car 0.9573 460 343 493 376
car 0.9521 384 153 406 192
car 0.9454 693 682 718 712
car 0.9368 322 99 344 135
car 0.9313 365 97 387 128
car 0.9228 461 135 477 160
car 0.9211 846 701 869 731
car 0.9157 46 521 77 545
car 0.9111 0 456 23 486
car 0.9036 143 441 183 467
car 0.8611 22 507 51 531
car 0.5402 28 510 60 536
van 0.9834 840 533 867 561
van 0.9670 188 454 218 480
van 0.9623 941 97 972 126
van 0.9608 276 448 310 474
van 0.9602 1157 431 1181 462
van 0.9575 972 161 1011 181
van 0.9511 803 518 832 545
van 0.9410 1107 499 1140 520
van 0.9398 896 473 927 502
van 0.8571 1131 527 1157 545
truck 0.9742 1268 70 1306 99
truck 0.6936 1311 218 1341 246
awning-tricycle 0.8582 986 105 1004 131
bus 0.9237 955 212 1036 234
motor 0.8124 129 476 143 489
motor 0.6078 446 170 458 191
motor 0.4634 452 165 463 186
