car 0.9821 425 117 451 154
car 0.9807 768 623 795 654
car 0.9738 480 311 510 346
car 0.9738 705 644 731 673
car 0.9704 780 114 812 143
car 0.9697 246 358 278 382
car 0.9668 28 155 61 178
car 0.9658 1219 271 1253 296
car 0.9636 1127 119 1161 144
car 0.9621 1180 478 1205 511
car 0.9573 332 141 353 173
car 0.9536 860 652 883 682
car 0.9514 869 458 898 485
car 0.9500 403 395 439 421
car 0.9440 383 154 404 192
car 0.9431 142 442 183 468
car 0.9217 322 100 344 135
car 0.9184 0 455 23 486
car 0.9182 366 98 387 129
car 0.8444 463 146 480 169
car 0.7346 681 726 705 754
car 0.5695 0 519 24 542
car 0.5090 837 741 857 755
car 0.4474 0 544 22 568
car 0.3400 869 690 886 716
van 0.9822 310 436 344 461
van 0.9662 818 560 845 587
van 0.9632 866 499 899 529
van 0.9602 1157 431 1181 463
van 0.9588 972 161 1011 182
van 0.9560 941 97 972 127
van 0.9539 162 467 195 490
van 0.9496 774 547 803 576
van 0.9482 1108 499 1141 520
van 0.8671 1133 524 1160 544
truck 0.9728 1267 71 1307 99
awning-tricycle 0.8288 986 105 1004 131
bus 0.9312 955 212 1037 234
motor 0.7886 99 488 114 500
motor 0.5795 450 175 461 194
motor 0.4978 446 172 458 192
