car 0.9837 426 118 452 153
car 0.9805 754 648 782 681
car 0.9799 496 274 521 310
car 0.9724 29 155 62 179
car 0.9707 247 357 279 382
car 0.9702 780 114 813 142
car 0.9641 384 155 407 194
car 0.9593 1181 477 1205 511
car 0.9559 686 684 712 713
car 0.9555 1263 251 1299 276
car 0.9554 332 140 354 173
car 0.9534 366 99 388 129
car 0.9496 852 471 882 501
car 0.9445 322 99 344 135
car 0.9359 1129 118 1164 143
car 0.9356 144 442 184 468
car 0.9351 433 371 471 401
car 0.9350 1 455 25 486
car 0.9325 849 686 872 719
car 0.9319 879 607 904 636
car 0.8271 467 151 482 173
car 0.7421 378 0 398 11
car 0.3354 461 156 476 177
van 0.9841 131 480 163 504
van 0.9803 842 523 874 553
van 0.9671 942 96 973 126
van 0.9645 1157 430 1181 463
van 0.9618 748 577 777 605
van 0.9519 972 161 1012 181
van 0.9498 795 589 821 618
van 0.9492 349 423 382 447
van 0.9422 1108 498 1140 519
van 0.8953 1133 524 1160 544
truck 0.9746 1268 70 1308 100
awning-tricycle 0.8795 987 106 1006 131
bus 0.9214 957 212 1038 233
motor 0.8955 67 501 83 515
motor 0.7195 450 175 461 194
