pedestrian 0.8919 760 645 775 659
pedestrian 0.8486 1202 702 1223 726
pedestrian 0.8404 657 800 669 816
pedestrian 0.8081 1230 515 1243 530
pedestrian 0.3196 1224 519 1237 534
bicycle 0.9062 787 334 813 351
car 0.9787 346 436 414 481
car 0.9779 513 492 583 537
car 0.9779 1007 494 1059 561
car 0.9778 278 515 353 560
car 0.9772 1435 687 1506 734
car 0.9763 427 463 488 501
car 0.9758 1498 658 1571 705
car 0.9754 1485 605 1559 654
car 0.9754 89 366 163 412
car 0.9751 1468 753 1540 797
car 0.9749 991 845 1066 901
car 0.9748 1160 710 1219 780
car 0.9734 313 475 385 523
car 0.9722 1012 409 1066 473
car 0.9710 1723 835 1795 881
car 0.9708 878 800 939 871
car 0.9683 1545 920 1617 968
car 0.9683 1377 570 1449 614
car 0.9676 447 571 518 618
car 0.9674 1328 701 1401 745
car 0.9672 91 447 164 495
car 0.9670 279 311 357 359
car 0.9664 163 277 231 319
car 0.9656 589 569 658 615
car 0.9633 1107 341 1162 408
car 0.9625 501 544 570 586
car 0.9605 1300 799 1378 847
car 0.9602 52 393 96 460
car 0.9592 1555 784 1629 829
car 0.9588 1080 558 1130 620
car 0.9582 171 481 246 529
car 0.9580 1638 810 1713 856
car 0.9565 1333 655 1398 700
car 0.9523 209 396 284 438
car 0.9481 26 228 96 284
car 0.9476 1341 604 1404 643
car 0.9442 373 542 438 580
car 0.9389 1400 732 1460 768
car 0.9379 605 529 673 573
car 0.9208 548 608 620 648
car 0.9174 26 292 90 352
car 0.8984 1392 0 1439 40
car 0.8942 849 973 904 1039
car 0.8742 1 415 48 459
car 0.7104 776 974 827 1034
van 0.9754 91 278 159 320
van 0.9433 1805 863 1895 912
van 0.9413 405 508 477 553
truck 0.9648 1188 303 1243 365
bus 0.9691 869 541 953 691
bus 0.9081 759 368 909 427
motor 0.7644 665 990 683 1014
motor 0.7603 631 284 659 305
motor 0.7014 666 1019 684 1045
