car 0.9871 426 117 452 153
car 0.9825 740 675 769 708
car 0.9705 247 357 279 382
car 0.9687 386 15 410 47
car 0.9682 29 154 63 178
car 0.9668 780 114 813 142
car 0.9652 385 154 407 193
car 0.9622 332 140 354 173
car 0.9596 366 99 388 129
car 0.9588 1180 478 1205 511
car 0.9565 897 561 923 595
car 0.9534 464 342 497 375
car 0.9530 145 445 182 469
car 0.9495 832 490 863 518
car 0.9472 322 99 344 134
car 0.9452 865 634 889 667
car 0.9409 1129 119 1164 143
car 0.9387 0 454 24 485
car 0.8653 503 236 525 272
car 0.8492 1307 235 1337 259
car 0.8293 467 151 483 175
car 0.6753 671 727 697 755
van 0.9824 100 492 129 516
van 0.9784 723 610 753 638
van 0.9773 818 547 851 579
van 0.9664 942 97 973 126
van 0.9657 1157 430 1181 463
van 0.9519 971 161 1012 182
van 0.9459 1108 499 1140 520
van 0.9421 389 406 420 433
van 0.9420 777 622 805 650
van 0.8951 1133 526 1161 546
truck 0.9743 1268 71 1309 100
awning-tricycle 0.8594 987 106 1005 131
bus 0.9188 957 212 1038 233
motor 0.7847 30 517 45 530
motor 0.6799 449 173 461 193
