car 0.9854 426 118 452 153
car 0.9817 487 308 516 342
car 0.9738 780 114 813 142
car 0.9718 29 155 62 178
car 0.9685 246 358 279 383
car 0.9618 384 154 407 193
car 0.9584 393 42 421 76
car 0.9581 882 585 908 619
car 0.9567 725 707 752 738
car 0.9538 1180 477 1205 512
car 0.9535 331 140 354 173
car 0.9533 144 444 182 470
car 0.9522 812 512 842 539
car 0.9484 365 98 388 129
car 0.9458 0 454 24 486
car 0.9332 1127 119 1162 144
car 0.9223 322 100 344 135
car 0.9192 501 198 520 235
car 0.8151 919 523 944 554
car 0.7892 467 153 482 176
van 0.9806 704 646 731 675
van 0.9708 761 651 786 680
van 0.9667 1157 431 1181 463
van 0.9635 62 506 92 529
van 0.9604 425 385 457 412
van 0.9582 972 161 1012 182
van 0.9554 942 97 973 127
van 0.9335 1108 499 1142 520
van 0.9073 796 576 826 606
van 0.8683 1132 526 1161 546
truck 0.9678 1268 71 1308 100
awning-tricycle 0.8275 987 106 1005 131
awning-tricycle 0.5032 1323 157 1342 179
bus 0.9405 955 212 1039 234
motor 0.8086 450 175 462 194
motor 0.4066 0 532 11 546
