car 0.9803 427 118 453 153
car 0.9776 502 268 527 305
car 0.9713 366 100 389 130
car 0.9711 385 154 408 192
car 0.9681 29 154 62 178
car 0.9663 780 115 813 142
car 0.9628 1180 478 1206 511
car 0.9624 787 539 818 567
car 0.9623 247 358 278 383
car 0.9546 0 453 24 485
car 0.9545 491 158 512 192
car 0.9514 332 140 354 174
car 0.9477 322 99 344 134
car 0.9473 942 485 973 516
car 0.9463 145 442 184 468
car 0.9425 1128 119 1161 144
car 0.9305 402 64 429 100
car 0.9265 904 541 931 572
car 0.8599 716 734 738 755
car 0.7788 467 151 482 175
car 0.7415 378 0 402 12
van 0.9813 26 517 58 543
van 0.9712 687 682 713 710
van 0.9708 772 604 803 635
van 0.9673 1157 431 1181 463
van 0.9566 942 97 973 126
van 0.9538 972 161 1012 181
van 0.9396 1108 499 1141 519
van 0.9373 747 681 772 708
van 0.9169 456 355 488 386
van 0.8733 1132 525 1161 544
truck 0.9754 1268 71 1307 100
awning-tricycle 0.8202 986 106 1005 131
awning-tricycle 0.6935 1314 155 1338 181
bus 0.9379 954 212 1038 233
motor 0.8042 450 174 461 192
motor 0.4376 473 217 484 233
