car 0.9832 407 74 431 107
car 0.9823 428 120 453 154
car 0.9751 366 99 388 130
car 0.9743 385 154 408 193
car 0.9707 761 573 789 601
car 0.9689 780 114 813 142
car 0.9669 31 155 63 178
car 0.9638 1 452 24 486
car 0.9590 145 444 184 470
car 0.9526 930 502 959 535
car 0.9520 1181 477 1206 511
car 0.9514 332 141 354 173
car 0.9482 247 359 279 384
car 0.9457 509 229 529 264
car 0.9414 1129 119 1164 144
car 0.9409 478 120 504 154
car 0.9364 322 100 345 134
car 0.9160 383 4 410 35
car 0.8916 972 452 1000 482
car 0.7878 468 155 483 177
van 0.9741 751 636 780 667
van 0.9713 733 710 758 739
van 0.9673 1157 431 1181 463
van 0.9660 942 97 973 127
van 0.9571 483 321 513 357
van 0.9474 972 161 1012 182
van 0.9470 1108 499 1142 520
van 0.9288 676 716 699 746
van 0.8735 1132 526 1161 545
van 0.8298 0 531 24 556
truck 0.9619 1268 71 1308 100
awning-tricycle 0.8887 1304 157 1335 183
awning-tricycle 0.8579 987 106 1005 131
bus 0.9417 955 212 1038 234
motor 0.8196 450 179 462 198
