car 0.9815 428 121 453 154
car 0.9798 365 98 389 130
car 0.9771 386 155 408 193
car 0.9759 780 115 813 142
car 0.9734 408 78 433 112
car 0.9669 504 184 526 222
car 0.9666 146 444 184 470
car 0.9650 1 453 25 486
car 0.9635 389 18 414 51
car 0.9618 30 155 63 179
car 0.9612 1180 478 1205 512
car 0.9598 462 77 489 115
car 0.9552 1128 119 1161 144
car 0.9523 247 361 279 385
car 0.9510 331 141 354 174
car 0.9473 954 468 985 499
car 0.9433 997 418 1025 450
car 0.9364 322 100 345 134
car 0.9142 735 608 762 635
car 0.8510 467 153 482 176
van 0.9775 501 285 528 320
van 0.9701 734 665 762 698
van 0.9694 1157 431 1180 463
van 0.9607 941 97 972 127
van 0.9562 972 161 1012 182
van 0.9380 1107 498 1141 519
van 0.8898 1133 524 1160 544
van 0.3218 720 739 746 755
truck 0.9752 1267 71 1307 100
awning-tricycle 0.9146 1298 161 1328 187
awning-tricycle 0.8280 987 106 1005 131
bus 0.9390 955 212 1038 234
motor 0.8718 451 183 464 204
motor 0.3370 479 262 490 276
