car 0.9795 366 98 389 130
car 0.9790 409 79 433 113
car 0.9782 385 154 409 192
car 0.9779 444 32 471 69
car 0.9779 780 115 813 143
car 0.9778 429 121 454 154
car 0.9735 146 445 184 470
car 0.9702 986 435 1012 465
car 0.9637 1 452 25 485
car 0.9620 491 145 515 179
car 0.9610 332 141 355 173
car 0.9601 1026 393 1056 419
car 0.9598 392 27 418 61
car 0.9561 246 361 280 385
car 0.9557 1180 478 1205 511
car 0.9519 31 155 64 178
car 0.9501 1127 118 1162 145
car 0.9458 713 642 739 671
car 0.9410 322 100 345 135
car 0.8472 467 154 483 177
van 0.9818 511 245 535 279
van 0.9685 1157 431 1180 463
van 0.9566 942 98 973 127
van 0.9448 1107 499 1141 520
van 0.9414 971 161 1012 182
van 0.9078 718 695 745 728
van 0.8847 1132 526 1161 546
truck 0.9723 1268 71 1307 100
awning-tricycle 0.8047 987 107 1005 131
awning-tricycle 0.4639 1286 167 1317 189
bus 0.9366 957 213 1039 234
motor 0.8973 454 192 466 212
