pedestrian 0.6341 1263 165 1281 176
pedestrian 0.6208 487 319 497 332
pedestrian 0.5697 1275 426 1287 437
pedestrian 0.5387 1281 425 1296 435
pedestrian 0.4054 411 428 421 441
pedestrian 0.3950 1277 171 1301 187
pedestrian 0.3746 408 426 418 438
pedestrian 0.3373 1273 436 1285 445
car 0.9853 1053 366 1083 395
car 0.9833 427 120 453 155
car 0.9816 408 79 433 113
car 0.9789 385 154 409 193
car 0.9784 365 98 388 130
car 0.9753 471 98 498 134
car 0.9735 778 115 812 143
car 0.9716 246 362 279 386
car 0.9711 392 30 419 64
car 0.9684 1 454 25 487
car 0.9658 332 140 355 174
car 0.9651 146 445 184 470
car 0.9648 1126 119 1161 144
car 0.9632 1178 478 1205 511
car 0.9524 322 100 345 135
car 0.9511 30 155 62 179
car 0.9386 1010 408 1040 436
car 0.9171 689 676 715 707
car 0.9083 706 722 734 754
car 0.8829 467 154 483 177
car 0.8167 1108 500 1140 521
car 0.7972 818 492 835 505
car 0.7919 425 0 451 26
car 0.7811 942 97 972 128
car 0.7809 971 163 1010 184
car 0.7631 697 185 715 197
car 0.4064 667 181 684 192
van 0.9774 509 202 531 238
van 0.9576 1156 432 1180 464
van 0.8768 1130 527 1158 546
truck 0.9760 1266 71 1306 101
tricycle 0.6164 1276 172 1308 193
awning-tricycle 0.7671 987 109 1004 134
bus 0.8646 954 211 1038 235
motor 0.8910 459 203 471 227
motor 0.8603 714 599 726 614
motor 0.4861 514 545 525 560
