pedestrian 0.8912 1268 161 1283 173
pedestrian 0.7957 413 433 423 446
pedestrian 0.7397 493 352 504 365
pedestrian 0.4951 1291 421 1306 431
pedestrian 0.3347 1271 418 1285 428
car 0.9853 452 52 481 88
car 0.9848 408 79 433 114
car 0.9846 1078 347 1111 376
car 0.9836 428 120 453 155
car 0.9830 393 30 419 64
car 0.9803 385 154 409 192
car 0.9770 364 98 388 131
car 0.9760 246 362 279 386
car 0.9689 778 115 812 143
car 0.9672 145 445 183 470
car 0.9668 1039 383 1070 413
car 0.9650 1 454 24 486
car 0.9649 1179 480 1205 514
car 0.9641 1126 119 1161 144
car 0.9560 331 141 354 173
car 0.9523 321 100 344 136
car 0.9375 30 156 62 179
car 0.9272 1108 500 1141 521
car 0.9234 671 714 697 746
car 0.9134 941 98 971 127
car 0.9082 972 163 1010 184
car 0.8947 802 501 820 516
car 0.8454 466 152 482 178
car 0.8358 668 181 689 193
car 0.4081 634 166 649 178
car 0.4064 688 184 704 195
van 0.9667 1155 431 1179 464
van 0.9645 496 157 521 193
van 0.8426 1131 526 1162 546
truck 0.9820 1265 72 1307 101
tricycle 0.8087 1266 178 1292 196
awning-tricycle 0.6200 987 109 1005 134
bus 0.8455 955 211 1039 236
motor 0.8872 712 594 723 608
motor 0.8813 463 219 475 239
motor 0.8662 24 575 45 589
motor 0.7293 510 543 522 558
motor 0.3744 504 541 518 557
motor 0.3094 511 548 522 565
