pedestrian 0.9246 418 439 429 454
pedestrian 0.8866 498 383 509 396
pedestrian 0.7845 1272 160 1286 170
pedestrian 0.5586 1290 420 1305 429
pedestrian 0.3898 1273 418 1286 428
car 0.9856 1107 327 1140 356
car 0.9797 408 80 432 116
car 0.9780 384 155 408 194
car 0.9768 392 31 417 65
car 0.9756 1064 358 1096 386
car 0.9747 428 120 452 156
car 0.9731 245 362 279 387
car 0.9729 364 98 388 131
car 0.9690 778 115 812 143
car 0.9678 145 445 183 471
car 0.9648 1 455 24 487
car 0.9638 1126 119 1161 143
car 0.9599 434 9 461 42
car 0.9586 1179 478 1204 511
car 0.9462 1108 499 1141 520
car 0.9448 331 140 354 174
car 0.9404 321 100 344 136
car 0.9264 788 514 805 527
car 0.9174 972 162 1010 183
car 0.9127 940 98 970 127
car 0.8836 466 154 483 178
car 0.8519 30 157 62 179
car 0.8143 637 178 655 190
car 0.3297 667 181 683 191
car 0.3068 636 168 653 181
van 0.9705 1155 430 1180 464
van 0.9430 478 114 503 147
van 0.8624 1132 524 1163 544
truck 0.9813 1266 71 1307 99
tricycle 0.9150 1253 179 1283 199
awning-tricycle 0.4923 986 110 1004 133
bus 0.8968 954 211 1038 235
motor 0.8167 53 566 73 580
motor 0.7708 709 587 720 600
motor 0.7430 466 234 479 254
motor 0.6985 505 540 518 556
