pedestrian 0.8781 422 445 432 459
pedestrian 0.7565 505 419 516 432
pedestrian 0.6182 1280 157 1296 167
pedestrian 0.4697 1294 417 1308 427
pedestrian 0.3985 1299 417 1313 426
car 0.9875 1133 312 1170 339
car 0.9817 384 155 409 194
car 0.9807 428 120 453 157
car 0.9801 246 361 280 386
car 0.9770 392 31 418 65
car 0.9765 408 80 432 116
car 0.9699 778 114 812 143
car 0.9679 364 98 388 131
car 0.9653 0 453 24 487
car 0.9629 145 445 184 470
car 0.9574 1088 336 1120 366
car 0.9571 1126 119 1161 143
car 0.9529 1179 478 1205 511
car 0.9467 332 140 354 174
car 0.9450 1107 499 1141 520
car 0.9416 321 100 344 135
car 0.9314 772 525 789 538
car 0.9237 466 154 483 177
car 0.9236 940 98 971 128
car 0.9205 972 163 1010 183
car 0.8120 1292 190 1333 214
car 0.6060 9 574 52 596
car 0.4761 612 167 629 180
car 0.4570 577 144 597 162
car 0.4045 630 166 647 177
car 0.3771 30 156 63 179
car 0.3538 595 159 613 173
van 0.9749 1155 430 1180 465
van 0.9598 459 67 485 102
van 0.9075 1133 523 1164 544
truck 0.9804 1265 71 1308 99
tricycle 0.9401 1244 181 1280 201
bus 0.9108 954 211 1038 235
motor 0.9441 80 556 99 569
motor 0.9003 472 254 485 276
motor 0.8984 709 582 720 594
motor 0.8087 503 533 516 550
